1 2 2
1 3 2
1 4 2
2 3 2
2 4 2
3 4 2
7 8 2
9 10 2
9 11 2
9 12 2
9 13 2
10 11 2
10 12 2
10 13 2
11 12 2
11 13 2
12 13 2
8 7 2
8 14 2
8 15 2
7 14 2
7 15 2
14 15 2
16 17 2
18 19 2
20 21 2
20 22 2
20 23 2
21 22 2
21 23 2
22 23 2
24 25 2
24 26 2
24 27 2
24 28 2
24 29 2
25 26 2
25 27 2
25 28 2
25 29 2
26 27 2
26 28 2
26 29 2
27 28 2
27 29 2
28 29 2
30 31 2
30 32 2
30 33 2
30 34 2
30 35 2
31 32 2
31 33 2
31 34 2
31 35 2
32 33 2
32 34 2
32 35 2
33 34 2
33 35 2
34 35 2
36 37 2
38 39 2
38 40 2
38 41 2
38 42 2
38 43 2
39 40 2
39 41 2
39 42 2
39 43 2
40 41 2
40 42 2
40 43 2
41 42 2
41 43 2
42 43 2
44 45 2
46 47 2
46 48 2
46 49 2
47 48 2
47 49 2
48 49 2
50 51 2
50 52 2
51 52 2
53 54 2
53 55 2
54 55 2
56 57 2
56 58 2
56 59 2
57 58 2
57 59 2
58 59 2
60 61 2
62 63 2
64 65 2
66 67 2
66 68 2
66 69 2
66 70 2
67 68 2
67 69 2
67 70 2
68 69 2
68 70 2
69 70 2
71 72 2
71 73 2
72 73 2
74 75 2
77 78 2
77 79 2
77 80 2
78 79 2
78 80 2
79 80 2
81 82 2
81 83 2
82 83 2
13 34 2
14 84 2
85 86 2
85 23 2
86 23 2
87 88 2
87 89 2
88 89 2
68 66 2
68 90 2
68 91 2
66 90 2
66 91 2
90 91 2
92 93 2
92 94 2
92 95 2
92 35 2
93 94 2
93 95 2
93 35 2
94 95 2
94 35 2
95 35 2
97 98 2
97 99 2
98 99 2
100 101 2
100 38 2
100 102 2
101 38 2
101 102 2
38 102 2
103 104 2
103 105 2
104 105 2
106 107 2
106 108 2
107 108 2
109 110 2
109 111 2
110 111 2
112 113 2
112 114 2
112 115 2
113 114 2
113 115 2
114 115 2
116 117 2
116 118 2
116 119 2
117 118 2
117 119 2
118 119 2
120 121 2
122 82 2
122 83 2
82 83 2
123 121 2
123 124 2
121 124 2
125 27 2
126 127 2
128 129 2
128 130 2
128 131 2
129 130 2
129 131 2
130 131 2
132 133 2
134 6 2
134 135 2
6 135 2
136 137 2
130 138 2
130 139 2
130 140 2
138 139 2
138 140 2
139 140 2
141 142 2
143 144 2
143 145 2
143 146 2
143 147 2
144 145 2
144 146 2
144 147 2
145 146 2
145 147 2
146 147 2
148 149 2
148 150 2
148 151 2
149 150 2
149 151 2
150 151 2
152 153 2
152 154 2
152 155 2
152 156 2
152 157 2
152 158 2
153 154 2
153 155 2
153 156 2
153 157 2
153 158 2
154 155 2
154 156 2
154 157 2
154 158 2
155 156 2
155 157 2
155 158 2
156 157 2
156 158 2
157 158 2
159 37 2
160 161 2
160 3 2
160 162 2
160 163 2
160 164 2
161 3 2
161 162 2
161 163 2
161 164 2
3 162 2
3 163 2
3 164 2
162 163 2
162 164 2
163 164 2
165 166 2
165 167 2
166 167 2
168 113 2
168 169 2
168 170 2
113 169 2
113 170 2
169 170 2
28 29 2
28 171 2
28 172 2
28 173 2
29 171 2
29 172 2
29 173 2
171 172 2
171 173 2
172 173 2
174 175 2
174 34 2
174 176 2
175 34 2
175 176 2
34 176 2
177 178 2
177 179 2
177 180 2
178 179 2
178 180 2
179 180 2
181 182 2
181 183 2
182 183 2
184 88 2
184 89 2
88 89 2
185 186 2
185 187 2
185 188 2
186 187 2
186 188 2
187 188 2
189 3 2
190 191 2
192 193 2
194 195 2
194 196 2
195 196 2
197 198 2
199 82 2
199 83 2
82 83 2
200 201 2
200 202 2
200 203 2
200 204 2
200 205 2
200 206 2
200 207 2
200 208 2
200 209 2
200 210 2
201 202 2
201 203 2
201 204 2
201 205 2
201 206 2
201 207 2
201 208 2
201 209 2
201 210 2
202 203 2
202 204 2
202 205 2
202 206 2
202 207 2
202 208 2
202 209 2
202 210 2
203 204 2
203 205 2
203 206 2
203 207 2
203 208 2
203 209 2
203 210 2
204 205 2
204 206 2
204 207 2
204 208 2
204 209 2
204 210 2
205 206 2
205 207 2
205 208 2
205 209 2
205 210 2
206 207 2
206 208 2
206 209 2
206 210 2
207 208 2
207 209 2
207 210 2
208 209 2
208 210 2
209 210 2
211 212 2
211 213 2
212 213 2
215 216 2
217 113 2
217 112 2
217 115 2
113 112 2
113 115 2
112 115 2
218 219 2
218 220 2
219 220 2
221 222 2
223 224 2
223 225 2
224 225 2
181 182 2
227 228 2
227 229 2
228 229 2
57 56 2
57 59 2
56 59 2
230 82 2
230 83 2
82 83 2
231 232 2
231 233 2
232 233 2
234 235 2
234 167 2
235 167 2
232 236 2
232 237 2
236 237 2
238 239 2
238 240 2
238 241 2
239 240 2
239 241 2
240 241 2
242 243 2
242 244 2
242 245 2
242 246 2
243 244 2
243 245 2
243 246 2
244 245 2
244 246 2
245 246 2
247 248 2
247 219 2
247 249 2
247 250 2
247 251 2
247 252 2
247 253 2
247 254 2
247 255 2
247 256 2
247 257 2
247 258 2
247 259 2
247 260 2
248 219 2
248 249 2
248 250 2
248 251 2
248 252 2
248 253 2
248 254 2
248 255 2
248 256 2
248 257 2
248 258 2
248 259 2
248 260 2
219 249 2
219 250 2
219 251 2
219 252 2
219 253 2
219 254 2
219 255 2
219 256 2
219 257 2
219 258 2
219 259 2
219 260 2
249 250 2
249 251 2
249 252 2
249 253 2
249 254 2
249 255 2
249 256 2
249 257 2
249 258 2
249 259 2
249 260 2
250 251 2
250 252 2
250 253 2
250 254 2
250 255 2
250 256 2
250 257 2
250 258 2
250 259 2
250 260 2
251 252 2
251 253 2
251 254 2
251 255 2
251 256 2
251 257 2
251 258 2
251 259 2
251 260 2
252 253 2
252 254 2
252 255 2
252 256 2
252 257 2
252 258 2
252 259 2
252 260 2
253 254 2
253 255 2
253 256 2
253 257 2
253 258 2
253 259 2
253 260 2
254 255 2
254 256 2
254 257 2
254 258 2
254 259 2
254 260 2
255 256 2
255 257 2
255 258 2
255 259 2
255 260 2
256 257 2
256 258 2
256 259 2
256 260 2
257 258 2
257 259 2
257 260 2
258 259 2
258 260 2
259 260 2
261 262 2
261 263 2
262 263 2
264 265 2
264 266 2
264 267 2
265 266 2
265 267 2
266 267 2
268 269 2
268 270 2
269 270 2
271 272 2
271 273 2
271 274 2
272 273 2
272 274 2
273 274 2
275 276 2
275 72 2
276 72 2
277 278 2
277 279 2
278 279 2
280 281 25
283 284 25
285 286 25
285 287 25
286 287 25
288 289 25
288 290 25
289 290 25
291 292 25
291 293 25
292 293 25
294 295 25
296 297 25
298 299 25
300 301 25
300 302 25
301 302 25
303 304 25
305 306 25
307 308 25
307 309 25
308 309 25
310 311 25
312 313 25
312 314 25
313 314 25
315 316 25
317 318 25
319 320 25
321 322 25
281 323 25
281 324 25
281 325 25
323 324 25
323 325 25
324 325 25
326 327 25
328 310 25
328 329 25
328 330 25
328 331 25
310 329 25
310 330 25
310 331 25
329 330 25
329 331 25
330 331 25
332 333 25
332 334 25
332 335 25
333 334 25
333 335 25
334 335 25
315 336 25
315 337 25
336 337 25
338 339 25
338 340 25
338 286 25
339 340 25
339 286 25
340 286 25
342 343 25
342 344 25
343 344 25
345 346 25
345 347 25
346 347 25
348 349 25
348 350 25
349 350 25
351 352 25
353 288 25
353 354 25
353 355 25
288 354 25
288 355 25
354 355 25
356 357 25
356 358 25
356 359 25
356 360 25
357 358 25
357 359 25
357 360 25
358 359 25
358 360 25
359 360 25
362 363 25
362 364 25
363 364 25
365 366 25
365 309 25
366 309 25
367 304 25
369 370 25
369 371 25
370 371 25
372 356 25
372 373 25
356 373 25
374 375 25
377 378 25
377 379 25
378 379 25
380 349 25
381 355 25
382 304 25
383 384 25
383 385 25
383 366 25
384 385 25
384 366 25
385 366 25
386 387 25
388 312 25
389 390 25
389 391 25
389 392 25
390 391 25
390 392 25
391 392 25
393 394 25
395 396 25
395 397 25
396 397 25
398 399 25
398 400 25
398 290 25
399 400 25
399 290 25
400 290 25
401 402 25
401 403 25
401 404 25
402 403 25
402 404 25
403 404 25
405 406 25
407 394 25
407 408 25
394 408 25
409 299 25
410 352 25
410 411 25
352 411 25
412 413 25
414 415 25
414 416 25
415 416 25
418 419 25
420 294 25
420 421 25
294 421 25
422 423 25
424 425 25
424 421 25
425 421 25
426 427 25
296 428 25
429 430 25
429 431 25
429 419 25
429 432 25
429 433 25
430 431 25
430 419 25
430 432 25
430 433 25
431 419 25
431 432 25
431 433 25
419 432 25
419 433 25
432 433 25
434 435 25
436 413 25
437 438 25
437 439 25
438 439 25
440 294 25
440 421 25
294 421 25
441 442 25
441 443 25
442 443 25
281 323 25
444 445 25
444 351 25
444 352 25
445 351 25
445 352 25
351 352 25
446 447 25
446 448 25
447 448 25
450 451 25
450 452 25
450 453 25
450 454 25
451 452 25
451 453 25
451 454 25
452 453 25
452 454 25
453 454 25
455 456 25
457 458 25
460 304 25
462 463 25
464 465 5
464 466 5
465 466 5
144 147 5
468 142 5
469 270 5
469 470 5
469 471 5
270 470 5
270 471 5
470 471 5
23 472 5
23 473 5
23 474 5
472 473 5
472 474 5
473 474 5
128 130 5
128 72 5
128 129 5
130 72 5
130 129 5
72 129 5
475 476 5
475 477 5
476 477 5
479 23 5
479 85 5
479 86 5
23 85 5
23 86 5
85 86 5
480 466 5
481 482 5
484 485 5
484 158 5
484 486 5
484 487 5
484 488 5
485 158 5
485 486 5
485 487 5
485 488 5
158 486 5
158 487 5
158 488 5
486 487 5
486 488 5
487 488 5
46 47 5
46 48 5
46 49 5
47 48 5
47 49 5
48 49 5
489 31 5
490 491 5
490 492 5
491 492 5
493 494 5
57 56 5
57 495 5
56 495 5
496 497 5
64 65 5
498 499 5
500 501 5
500 502 5
500 503 5
501 502 5
501 503 5
502 503 5
146 505 5
146 506 5
505 506 5
508 509 5
510 511 5
267 512 5
267 513 5
512 513 5
514 515 5
514 516 5
514 517 5
515 516 5
515 517 5
516 517 5
518 519 5
518 520 5
518 521 5
519 520 5
519 521 5
520 521 5
522 523 5
522 524 5
523 524 5
526 266 5
528 529 5
528 530 5
528 531 5
528 532 5
528 533 5
529 530 5
529 531 5
529 532 5
529 533 5
530 531 5
530 532 5
530 533 5
531 532 5
531 533 5
532 533 5
534 535 5
534 536 5
534 537 5
535 536 5
535 537 5
536 537 5
538 3 5
490 539 5
252 247 5
252 219 5
247 219 5
540 541 5
540 542 5
540 543 5
540 544 5
541 542 5
541 543 5
541 544 5
542 543 5
542 544 5
543 544 5
545 176 5
545 35 5
176 35 5
174 547 5
174 175 5
174 176 5
547 175 5
547 176 5
175 176 5
548 549 5
548 476 5
548 550 5
548 551 5
549 476 5
549 550 5
549 551 5
476 550 5
476 551 5
550 551 5
552 553 5
552 476 5
553 476 5
264 554 5
264 555 5
264 266 5
554 555 5
554 266 5
555 266 5
556 557 5
556 558 5
556 37 5
557 558 5
557 37 5
558 37 5
559 232 5
559 560 5
232 560 5
561 562 5
563 564 5
563 176 5
563 565 5
564 176 5
564 565 5
176 565 5
566 185 5
566 567 5
566 188 5
566 568 5
566 569 5
185 567 5
185 188 5
185 568 5
185 569 5
567 188 5
567 568 5
567 569 5
188 568 5
188 569 5
568 569 5
96 15 5
467 570 5
571 572 5
571 573 5
572 573 5
574 82 5
574 575 5
574 576 5
574 577 5
82 575 5
82 576 5
82 577 5
575 576 5
575 577 5
576 577 5
578 579 5
580 581 5
583 63 5
583 95 5
583 35 5
63 95 5
63 35 5
95 35 5
584 37 5
585 586 5
585 587 5
585 45 5
586 587 5
586 45 5
587 45 5
101 100 5
101 102 5
101 588 5
100 102 5
100 588 5
102 588 5
95 110 5
95 589 5
95 590 5
95 94 5
110 589 5
110 590 5
110 94 5
589 590 5
589 94 5
590 94 5
591 592 5
591 593 5
591 594 5
592 593 5
592 594 5
593 594 5
595 11 5
130 596 5
130 579 5
130 597 5
130 129 5
596 579 5
596 597 5
596 129 5
579 597 5
579 129 5
597 129 5
598 141 5
598 142 5
141 142 5
185 187 5
185 188 5
187 188 5
599 600 5
599 601 5
599 602 5
599 603 5
599 604 5
599 605 5
599 606 5
599 607 5
600 601 5
600 602 5
600 603 5
600 604 5
600 605 5
600 606 5
600 607 5
601 602 5
601 603 5
601 604 5
601 605 5
601 606 5
601 607 5
602 603 5
602 604 5
602 605 5
602 606 5
602 607 5
603 604 5
603 605 5
603 606 5
603 607 5
604 605 5
604 606 5
604 607 5
605 606 5
605 607 5
606 607 5
237 608 5
237 609 5
237 610 5
608 609 5
608 610 5
609 610 5
611 612 5
611 613 5
611 614 5
611 615 5
612 613 5
612 614 5
612 615 5
613 614 5
613 615 5
614 615 5
616 617 5
616 618 5
617 618 5
490 539 5
490 491 5
490 492 5
539 491 5
539 492 5
491 492 5
619 620 5
619 621 5
619 622 5
619 623 5
619 624 5
619 625 5
619 626 5
619 627 5
620 621 5
620 622 5
620 623 5
620 624 5
620 625 5
620 626 5
620 627 5
621 622 5
621 623 5
621 624 5
621 625 5
621 626 5
621 627 5
622 623 5
622 624 5
622 625 5
622 626 5
622 627 5
623 624 5
623 625 5
623 626 5
623 627 5
624 625 5
624 626 5
624 627 5
625 626 5
625 627 5
626 627 5
575 577 5
575 628 5
575 629 5
575 576 5
575 82 5
575 574 5
577 628 5
577 629 5
577 576 5
577 82 5
577 574 5
628 629 5
628 576 5
628 82 5
628 574 5
629 576 5
629 82 5
629 574 5
576 82 5
576 574 5
82 574 5
630 631 5
632 633 5
632 634 5
632 635 5
632 636 5
632 512 5
632 637 5
632 638 5
632 639 5
633 634 5
633 635 5
633 636 5
633 512 5
633 637 5
633 638 5
633 639 5
634 635 5
634 636 5
634 512 5
634 637 5
634 638 5
634 639 5
635 636 5
635 512 5
635 637 5
635 638 5
635 639 5
636 512 5
636 637 5
636 638 5
636 639 5
512 637 5
512 638 5
512 639 5
637 638 5
637 639 5
638 639 5
640 641 5
640 642 5
641 642 5
25 26 5
25 27 5
25 24 5
25 643 5
26 27 5
26 24 5
26 643 5
27 24 5
27 643 5
24 643 5
95 644 5
95 542 5
644 542 5
645 135 5
221 646 5
57 56 5
648 649 5
650 651 5
166 652 5
166 487 5
166 653 5
166 654 5
652 487 5
652 653 5
652 654 5
487 653 5
487 654 5
653 654 5
656 657 5
656 658 5
656 659 5
656 660 5
656 661 5
656 662 5
657 658 5
657 659 5
657 660 5
657 661 5
657 662 5
658 659 5
658 660 5
658 661 5
658 662 5
659 660 5
659 661 5
659 662 5
660 661 5
660 662 5
661 662 5
663 187 5
664 665 5
664 666 5
664 667 5
665 666 5
665 667 5
666 667 5
668 669 5
668 268 5
668 269 5
668 84 5
669 268 5
669 269 5
669 84 5
268 269 5
268 84 5
269 84 5
130 138 5
130 37 5
130 670 5
130 139 5
130 140 5
138 37 5
138 670 5
138 139 5
138 140 5
37 670 5
37 139 5
37 140 5
670 139 5
670 140 5
139 140 5
631 52 5
672 673 5
674 675 5
674 676 5
674 677 5
674 678 5
675 676 5
675 677 5
675 678 5
676 677 5
676 678 5
677 678 5
679 143 5
679 146 5
679 144 5
679 145 5
679 680 5
679 147 5
143 146 5
143 144 5
143 145 5
143 680 5
143 147 5
146 144 5
146 145 5
146 680 5
146 147 5
144 145 5
144 680 5
144 147 5
145 680 5
145 147 5
680 147 5
681 235 5
682 276 5
682 683 5
276 683 5
684 685 5
684 158 5
685 158 5
187 51 5
686 35 5
686 95 5
686 31 5
35 95 5
35 31 5
95 31 5
185 567 5
185 186 5
185 187 5
185 188 5
567 186 5
567 187 5
567 188 5
186 187 5
186 188 5
187 188 5
687 90 5
687 88 5
687 688 5
687 689 5
687 690 5
90 88 5
90 688 5
90 689 5
90 690 5
88 688 5
88 689 5
88 690 5
688 689 5
688 690 5
689 690 5
691 32 5
693 694 5
695 696 5
697 698 5
697 581 5
698 581 5
699 700 5
699 701 5
700 701 5
702 703 5
702 704 5
702 705 5
702 706 5
702 707 5
702 708 5
702 709 5
702 710 5
702 711 5
702 712 5
702 713 5
702 714 5
702 715 5
702 716 5
702 717 5
702 718 5
702 719 5
702 720 5
702 721 5
702 722 5
702 723 5
702 724 5
702 725 5
702 726 5
702 727 5
702 728 5
703 704 5
703 705 5
703 706 5
703 707 5
703 708 5
703 709 5
703 710 5
703 711 5
703 712 5
703 713 5
703 714 5
703 715 5
703 716 5
703 717 5
703 718 5
703 719 5
703 720 5
703 721 5
703 722 5
703 723 5
703 724 5
703 725 5
703 726 5
703 727 5
703 728 5
704 705 5
704 706 5
704 707 5
704 708 5
704 709 5
704 710 5
704 711 5
704 712 5
704 713 5
704 714 5
704 715 5
704 716 5
704 717 5
704 718 5
704 719 5
704 720 5
704 721 5
704 722 5
704 723 5
704 724 5
704 725 5
704 726 5
704 727 5
704 728 5
705 706 5
705 707 5
705 708 5
705 709 5
705 710 5
705 711 5
705 712 5
705 713 5
705 714 5
705 715 5
705 716 5
705 717 5
705 718 5
705 719 5
705 720 5
705 721 5
705 722 5
705 723 5
705 724 5
705 725 5
705 726 5
705 727 5
705 728 5
706 707 5
706 708 5
706 709 5
706 710 5
706 711 5
706 712 5
706 713 5
706 714 5
706 715 5
706 716 5
706 717 5
706 718 5
706 719 5
706 720 5
706 721 5
706 722 5
706 723 5
706 724 5
706 725 5
706 726 5
706 727 5
706 728 5
707 708 5
707 709 5
707 710 5
707 711 5
707 712 5
707 713 5
707 714 5
707 715 5
707 716 5
707 717 5
707 718 5
707 719 5
707 720 5
707 721 5
707 722 5
707 723 5
707 724 5
707 725 5
707 726 5
707 727 5
707 728 5
708 709 5
708 710 5
708 711 5
708 712 5
708 713 5
708 714 5
708 715 5
708 716 5
708 717 5
708 718 5
708 719 5
708 720 5
708 721 5
708 722 5
708 723 5
708 724 5
708 725 5
708 726 5
708 727 5
708 728 5
709 710 5
709 711 5
709 712 5
709 713 5
709 714 5
709 715 5
709 716 5
709 717 5
709 718 5
709 719 5
709 720 5
709 721 5
709 722 5
709 723 5
709 724 5
709 725 5
709 726 5
709 727 5
709 728 5
710 711 5
710 712 5
710 713 5
710 714 5
710 715 5
710 716 5
710 717 5
710 718 5
710 719 5
710 720 5
710 721 5
710 722 5
710 723 5
710 724 5
710 725 5
710 726 5
710 727 5
710 728 5
711 712 5
711 713 5
711 714 5
711 715 5
711 716 5
711 717 5
711 718 5
711 719 5
711 720 5
711 721 5
711 722 5
711 723 5
711 724 5
711 725 5
711 726 5
711 727 5
711 728 5
712 713 5
712 714 5
712 715 5
712 716 5
712 717 5
712 718 5
712 719 5
712 720 5
712 721 5
712 722 5
712 723 5
712 724 5
712 725 5
712 726 5
712 727 5
712 728 5
713 714 5
713 715 5
713 716 5
713 717 5
713 718 5
713 719 5
713 720 5
713 721 5
713 722 5
713 723 5
713 724 5
713 725 5
713 726 5
713 727 5
713 728 5
714 715 5
714 716 5
714 717 5
714 718 5
714 719 5
714 720 5
714 721 5
714 722 5
714 723 5
714 724 5
714 725 5
714 726 5
714 727 5
714 728 5
715 716 5
715 717 5
715 718 5
715 719 5
715 720 5
715 721 5
715 722 5
715 723 5
715 724 5
715 725 5
715 726 5
715 727 5
715 728 5
716 717 5
716 718 5
716 719 5
716 720 5
716 721 5
716 722 5
716 723 5
716 724 5
716 725 5
716 726 5
716 727 5
716 728 5
717 718 5
717 719 5
717 720 5
717 721 5
717 722 5
717 723 5
717 724 5
717 725 5
717 726 5
717 727 5
717 728 5
718 719 5
718 720 5
718 721 5
718 722 5
718 723 5
718 724 5
718 725 5
718 726 5
718 727 5
718 728 5
719 720 5
719 721 5
719 722 5
719 723 5
719 724 5
719 725 5
719 726 5
719 727 5
719 728 5
720 721 5
720 722 5
720 723 5
720 724 5
720 725 5
720 726 5
720 727 5
720 728 5
721 722 5
721 723 5
721 724 5
721 725 5
721 726 5
721 727 5
721 728 5
722 723 5
722 724 5
722 725 5
722 726 5
722 727 5
722 728 5
723 724 5
723 725 5
723 726 5
723 727 5
723 728 5
724 725 5
724 726 5
724 727 5
724 728 5
725 726 5
725 727 5
725 728 5
726 727 5
726 728 5
727 728 5
729 730 15
731 131 15
731 732 15
131 732 15
733 734 15
733 735 15
733 736 15
733 737 15
734 735 15
734 736 15
734 737 15
735 736 15
735 737 15
736 737 15
738 316 15
741 742 15
743 744 15
745 746 15
745 747 15
746 747 15
748 749 15
748 750 15
749 750 15
751 752 15
751 753 15
752 753 15
754 241 15
754 755 15
241 755 15
756 757 15
756 191 15
757 191 15
758 759 15
542 544 15
542 760 15
542 761 15
544 760 15
544 761 15
760 761 15
762 763 15
762 764 15
763 764 15
765 766 15
767 768 15
769 542 15
770 771 15
770 772 15
771 772 15
773 774 15
773 775 15
773 776 15
774 775 15
774 776 15
775 776 15
777 778 15
777 779 15
778 779 15
780 781 15
780 782 15
781 782 15
783 115 15
783 113 15
115 113 15
784 197 15
785 786 15
787 788 15
787 789 15
787 790 15
788 789 15
788 790 15
789 790 15
791 792 15
791 793 15
791 794 15
792 793 15
792 794 15
793 794 15
795 796 15
797 798 15
797 542 15
798 542 15
747 800 15
801 802 15
803 804 15
803 805 15
804 805 15
806 807 15
806 808 15
807 808 15
190 191 15
190 809 15
191 809 15
810 811 15
812 813 15
815 791 15
817 818 15
819 692 15
819 820 15
819 821 15
692 820 15
692 821 15
820 821 15
822 823 15
822 824 15
823 824 15
825 826 15
825 827 15
826 827 15
828 829 15
828 830 15
828 831 15
829 830 15
829 831 15
830 831 15
832 833 15
832 834 15
833 834 15
835 836 15
837 838 15
839 807 15
840 841 15
840 842 15
840 843 15
841 842 15
841 843 15
842 843 15
844 845 15
790 846 15
790 789 15
846 789 15
848 849 15
848 850 15
849 850 15
851 852 15
851 853 15
852 853 15
854 855 15
854 856 15
855 856 15
857 858 15
857 859 15
858 859 15
860 861 15
860 862 15
861 862 15
863 115 15
863 864 15
863 113 15
115 864 15
115 113 15
864 113 15
866 867 15
868 869 15
868 870 15
868 111 15
869 870 15
869 111 15
870 111 15
871 872 15
874 875 15
877 878 15
877 108 15
877 879 15
878 108 15
878 879 15
108 879 15
880 881 15
880 14 15
880 882 15
880 883 15
880 884 15
881 14 15
881 882 15
881 883 15
881 884 15
14 882 15
14 883 15
14 884 15
882 883 15
882 884 15
883 884 15
885 886 15
192 193 15
192 887 15
193 887 15
888 889 15
890 891 15
892 893 15
895 896 15
898 899 15
900 901 15
900 902 15
901 902 15
903 742 15
903 904 15
903 905 15
742 904 15
742 905 15
904 905 15
906 907 15
906 908 15
907 908 15
909 910 15
909 911 15
909 912 15
909 913 15
910 911 15
910 912 15
910 913 15
911 912 15
911 913 15
912 913 15
914 786 15
915 916 15
915 917 15
916 917 15
918 919 15
920 921 15
920 747 15
920 922 15
921 747 15
921 922 15
747 922 15
828 829 15
883 14 15
883 15 15
883 923 15
883 924 15
14 15 15
14 923 15
14 924 15
15 923 15
15 924 15
923 924 15
925 926 15
925 927 15
925 928 15
926 927 15
926 928 15
927 928 15
930 931 15
930 932 15
930 933 15
930 934 15
931 932 15
931 933 15
931 934 15
932 933 15
932 934 15
933 934 15
935 936 15
935 937 15
936 937 15
938 777 15
939 940 15
793 14 15
793 791 15
793 792 15
14 791 15
14 792 15
791 792 15
941 942 15
943 944 15
945 946 15
945 947 15
945 948 15
946 947 15
946 948 15
947 948 15
875 949 15
951 952 15
953 954 15
953 955 15
954 955 15
956 54 15
957 958 15
957 959 15
957 960 15
958 959 15
958 960 15
959 960 15
961 907 15
961 962 15
961 963 15
907 962 15
907 963 15
962 963 15
964 965 15
966 967 15
966 968 15
966 969 15
967 968 15
967 969 15
968 969 15
970 971 15
644 541 15
644 972 15
644 542 15
541 972 15
541 542 15
972 542 15
14 793 15
14 791 15
14 15 15
793 791 15
793 15 15
791 15 15
973 974 15
973 975 15
974 975 15
976 875 15
977 978 15
8 7 15
8 15 15
7 15 15
979 980 15
982 983 15
982 191 15
983 191 15
984 985 15
631 836 3
631 987 3
836 987 3
988 989 3
988 596 3
988 990 3
989 596 3
989 990 3
596 990 3
991 992 3
132 993 3
994 995 3
996 178 3
13 34 3
13 35 3
34 35 3
997 998 3
997 999 3
997 1000 3
998 999 3
998 1000 3
999 1000 3
1001 1002 3
1003 1004 3
1003 547 3
1003 11 3
1003 1005 3
1004 547 3
1004 11 3
1004 1005 3
547 11 3
547 1005 3
11 1005 3
1006 1007 3
1006 1008 3
1007 1008 3
1010 1011 3
1010 1012 3
1011 1012 3
1013 1014 3
1013 653 3
1014 653 3
1015 1016 3
268 269 3
268 54 3
269 54 3
699 700 3
1017 1003 3
1017 1004 3
1017 1018 3
1017 1005 3
1003 1004 3
1003 1018 3
1003 1005 3
1004 1018 3
1004 1005 3
1018 1005 3
1019 1020 3
1021 1022 3
1021 51 3
1022 51 3
1023 1024 3
1026 1027 3
1026 1028 3
1027 1028 3
1029 1030 3
1029 1031 3
1030 1031 3
991 567 3
991 992 3
567 992 3
1033 1034 19
1033 1035 19
1033 1036 19
1034 1035 19
1034 1036 19
1035 1036 19
1038 1039 19
1038 1040 19
1038 1041 19
1039 1040 19
1039 1041 19
1040 1041 19
1044 1045 19
1044 1046 19
1044 1047 19
1045 1046 19
1045 1047 19
1046 1047 19
1049 1050 19
1049 1051 19
1050 1051 19
1052 1053 19
1054 1055 19
1056 1057 19
1056 1058 19
1056 1059 19
1057 1058 19
1057 1059 19
1058 1059 19
1060 1061 19
1060 1062 19
1061 1062 19
1063 1064 19
1063 1065 19
1063 1066 19
1063 1067 19
1064 1065 19
1064 1066 19
1064 1067 19
1065 1066 19
1065 1067 19
1066 1067 19
1068 1045 19
1073 1074 19
1076 1077 19
1076 1078 19
1077 1078 19
1079 1080 19
1082 1083 19
1082 1084 19
1083 1084 19
1087 1088 19
1087 1089 19
1088 1089 19
1090 1091 19
1092 1093 19
1092 1058 19
1092 1094 19
1093 1058 19
1093 1094 19
1058 1094 19
1095 1096 19
1095 1097 19
1095 1098 19
1095 1099 19
1096 1097 19
1096 1098 19
1096 1099 19
1097 1098 19
1097 1099 19
1098 1099 19
1102 1103 19
1102 1104 19
1102 1105 19
1103 1104 19
1103 1105 19
1104 1105 19
1106 1107 19
1106 1108 19
1107 1108 19
1110 1111 19
1112 1113 19
1112 1114 19
1113 1114 19
1115 1116 19
1115 817 19
1116 817 19
1117 1118 19
1014 1119 19
1014 1120 19
1119 1120 19
1121 1122 19
1121 1123 19
1122 1123 19
1124 1125 19
1126 1127 19
1126 175 19
1127 175 19
1128 1080 19
1128 1129 19
1080 1129 19
1130 1131 19
1130 1132 19
1131 1132 19
1133 1007 19
1045 1134 19
1045 1135 19
1134 1135 19
1082 1136 19
1137 699 19
1137 1138 19
699 1138 19
1139 1140 19
1139 1141 19
1139 1142 19
1139 1143 19
1139 1144 19
1139 1047 19
1139 1145 19
1140 1141 19
1140 1142 19
1140 1143 19
1140 1144 19
1140 1047 19
1140 1145 19
1141 1142 19
1141 1143 19
1141 1144 19
1141 1047 19
1141 1145 19
1142 1143 19
1142 1144 19
1142 1047 19
1142 1145 19
1143 1144 19
1143 1047 19
1143 1145 19
1144 1047 19
1144 1145 19
1047 1145 19
1147 1148 19
1147 1149 19
1147 1150 19
1148 1149 19
1148 1150 19
1149 1150 19
1151 1152 19
563 13 19
563 175 19
563 176 19
563 565 19
13 175 19
13 176 19
13 565 19
175 176 19
175 565 19
176 565 19
1086 1153 19
1086 1154 19
1153 1154 19
1158 1081 19
1160 1161 19
1162 1163 19
1164 1140 19
1164 1165 19
1164 1166 19
1164 1094 19
1164 1167 19
1140 1165 19
1140 1166 19
1140 1094 19
1140 1167 19
1165 1166 19
1165 1094 19
1165 1167 19
1166 1094 19
1166 1167 19
1094 1167 19
1168 1074 19
1168 1169 19
1074 1169 19
1170 1171 19
1170 1172 19
1171 1172 19
1173 1174 19
1173 1175 19
1174 1175 19
1176 1157 19
1176 1118 19
1157 1118 19
1177 1178 19
1180 1181 19
1182 1183 19
1182 1184 19
1183 1184 19
1186 1187 19
563 13 19
563 175 19
563 564 19
563 176 19
563 565 19
13 175 19
13 564 19
13 176 19
13 565 19
175 564 19
175 176 19
175 565 19
564 176 19
564 565 19
176 565 19
1110 1188 19
1190 1191 19
1192 1193 19
1194 1195 19
1194 1196 19
1195 1196 19
1197 1198 19
1197 177 19
1197 1199 19
1197 1088 19
1197 1200 19
1197 1201 19
1198 177 19
1198 1199 19
1198 1088 19
1198 1200 19
1198 1201 19
177 1199 19
177 1088 19
177 1200 19
177 1201 19
1199 1088 19
1199 1200 19
1199 1201 19
1088 1200 19
1088 1201 19
1200 1201 19
1202 1203 19
1202 1204 19
1202 1205 19
1203 1204 19
1203 1205 19
1204 1205 19
1206 1207 19
1206 1208 19
1207 1208 19
1210 1205 19
1209 175 19
95 1212 1
63 583 1
63 35 1
583 35 1
1214 245 1
1214 1215 1
1214 1216 1
245 1215 1
245 1216 1
1215 1216 1
1217 598 1
1217 1218 1
1217 482 1
598 1218 1
598 482 1
1218 482 1
1219 1220 1
1221 1222 1
1221 266 1
1222 266 1
1223 1224 1
1223 1225 1
1223 1226 1
1224 1225 1
1224 1226 1
1225 1226 1
1227 1228 1
1227 1229 1
1227 1230 1
1227 1231 1
1227 1232 1
1228 1229 1
1228 1230 1
1228 1231 1
1228 1232 1
1229 1230 1
1229 1231 1
1229 1232 1
1230 1231 1
1230 1232 1
1231 1232 1
996 178 1
64 65 1
1233 1234 1
1236 1237 1
1236 1238 1
1237 1238 1
582 1239 1
582 1240 1
1239 1240 1
640 1241 1
668 269 1
668 84 1
668 268 1
269 84 1
269 268 1
84 268 1
1242 1243 1
1242 1244 1
1243 1244 1
66 70 1
1245 1246 1
1245 224 1
1246 224 1
1247 23 1
268 54 1
268 269 1
268 270 1
54 269 1
54 270 1
269 270 1
1249 864 1
1249 113 1
1249 747 1
864 113 1
864 747 1
113 747 1
90 91 1
90 68 1
91 68 1
500 1250 1
500 1251 1
500 1252 1
1250 1251 1
1250 1252 1
1251 1252 1
612 1253 1
612 613 1
1253 613 1
148 149 1
148 150 1
148 151 1
149 150 1
149 151 1
150 151 1
1254 1255 1
1254 23 1
1254 1256 1
1255 23 1
1255 1256 1
23 1256 1
1257 1258 1
1259 1260 1
1259 1261 1
1260 1261 1
1262 1263 1
1262 1264 1
1262 1265 1
1262 1266 1
1262 1267 1
1263 1264 1
1263 1265 1
1263 1266 1
1263 1267 1
1264 1265 1
1264 1266 1
1264 1267 1
1265 1266 1
1265 1267 1
1266 1267 1
183 1268 1
183 182 1
183 181 1
1268 182 1
1268 181 1
182 181 1
1269 55 1
1269 269 1
1269 54 1
55 269 1
55 54 1
269 54 1
1271 23 1
92 93 1
92 94 1
92 95 1
92 35 1
93 94 1
93 95 1
93 35 1
94 95 1
94 35 1
95 35 1
1272 1273 1
1272 1274 1
1272 278 1
1272 1275 1
1273 1274 1
1273 278 1
1273 1275 1
1274 278 1
1274 1275 1
278 1275 1
1276 1277 1
1276 1278 1
1277 1278 1
47 49 1
1279 1280 1
1279 1281 1
1279 1282 1
1279 1283 1
1279 1284 1
1279 1285 1
1280 1281 1
1280 1282 1
1280 1283 1
1280 1284 1
1280 1285 1
1281 1282 1
1281 1283 1
1281 1284 1
1281 1285 1
1282 1283 1
1282 1284 1
1282 1285 1
1283 1284 1
1283 1285 1
1284 1285 1
152 155 1
57 56 1
57 59 1
56 59 1
230 82 1
230 83 1
82 83 1
1286 1287 1
1286 1288 1
1287 1288 1
887 1289 1
887 542 1
1289 542 1
1290 1291 1
1290 224 1
1291 224 1
1265 1262 1
1265 1266 1
1265 1292 1
1262 1266 1
1262 1292 1
1266 1292 1
33 32 1
33 31 1
32 31 1
1293 1294 1
1293 1295 1
1294 1295 1
1296 1297 1
1296 1298 1
1296 1299 1
1297 1298 1
1297 1299 1
1298 1299 1
1300 1301 1
1300 1302 1
1301 1302 1
1303 1304 1
1303 1305 1
1303 1306 1
1303 1307 1
1304 1305 1
1304 1306 1
1304 1307 1
1305 1306 1
1305 1307 1
1306 1307 1
56 1308 1
134 6 1
1311 1312 20
1311 1313 20
1312 1313 20
1314 11 20
1314 1142 20
1314 1315 20
11 1142 20
11 1315 20
1142 1315 20
1316 1317 20
1318 1319 20
1101 1321 20
1147 1322 20
1323 1324 20
1325 1326 20
1013 1327 20
1013 1014 20
1013 1310 20
1327 1014 20
1327 1310 20
1014 1310 20
1328 1193 20
1329 1330 20
1329 1331 20
1330 1331 20
1332 1333 20
1332 1334 20
1333 1334 20
1173 1175 20
1335 1336 20
1335 1337 20
1335 1338 20
1336 1337 20
1336 1338 20
1337 1338 20
1339 1340 20
1339 1341 20
1339 1342 20
1340 1341 20
1340 1342 20
1341 1342 20
1343 1344 20
1343 176 20
1344 176 20
1346 1347 20
1346 1348 20
1346 1349 20
1347 1348 20
1347 1349 20
1348 1349 20
174 176 20
1350 1351 20
1352 1353 20
1343 1344 20
1343 176 20
1344 176 20
1354 1355 20
1354 1356 20
1354 1357 20
1354 1358 20
1355 1356 20
1355 1357 20
1355 1358 20
1356 1357 20
1356 1358 20
1357 1358 20
1359 1360 20
1343 1150 20
1361 1362 20
1363 1364 20
1095 1365 20
1095 1366 20
1365 1366 20
1367 1368 20
1369 1370 20
1369 1371 20
1370 1371 20
1372 1373 20
1374 1375 20
1374 1376 20
1375 1376 20
1377 1378 20
1379 1380 20
1379 1381 20
1380 1381 20
1038 1383 20
1384 1385 20
1386 1387 20
1339 1388 20
1014 1119 20
1014 1120 20
1119 1120 20
1389 1390 20
1392 1393 20
1191 1394 20
1191 1395 20
1394 1395 20
1397 1064 20
1397 1398 20
1397 1399 20
1397 1400 20
1064 1398 20
1064 1399 20
1064 1400 20
1398 1399 20
1398 1400 20
1399 1400 20
547 1401 20
547 175 20
547 11 20
1401 175 20
1401 11 20
175 11 20
1402 1403 20
1404 1150 20
1404 1174 20
1150 1174 20
1405 1406 20
1405 1407 20
1406 1407 20
1369 1408 20
1339 13 20
1339 1409 20
1339 1342 20
1339 1410 20
1339 1411 20
13 1409 20
13 1342 20
13 1410 20
13 1411 20
1409 1342 20
1409 1410 20
1409 1411 20
1342 1410 20
1342 1411 20
1410 1411 20
1413 1414 20
1413 1415 20
1414 1415 20
1416 1417 20
1416 1418 20
1417 1418 20
1419 1403 20
1158 1420 20
1003 547 20
1003 11 20
547 11 20
1144 1421 20
1144 1422 20
1144 1423 20
1421 1422 20
1421 1423 20
1422 1423 20
1424 1425 20
1424 1426 20
1425 1426 20
1427 1428 20
1427 1429 20
1427 1430 20
1428 1429 20
1428 1430 20
1429 1430 20
1389 1432 20
1433 1434 20
1436 1437 20
1439 1440 20
1441 1442 20
1441 1443 20
1441 1444 20
1441 1445 20
1441 1446 20
1441 1447 20
1442 1443 20
1442 1444 20
1442 1445 20
1442 1446 20
1442 1447 20
1443 1444 20
1443 1445 20
1443 1446 20
1443 1447 20
1444 1445 20
1444 1446 20
1444 1447 20
1445 1446 20
1445 1447 20
1446 1447 20
1448 1058 20
1448 1059 20
1058 1059 20
1402 1449 20
1402 1450 20
1449 1450 20
1451 1452 20
1453 1454 20
1453 1455 20
1453 1456 20
1454 1455 20
1454 1456 20
1455 1456 20
1369 1457 20
1369 1345 20
1457 1345 20
1327 1458 20
1327 1310 20
1458 1310 20
1448 1459 20
1448 1460 20
1459 1460 20
13 1461 20
13 1378 20
13 1462 20
1461 1378 20
1461 1462 20
1378 1462 20
1463 1464 20
1463 1465 20
1463 1466 20
1464 1465 20
1464 1466 20
1465 1466 20
1064 1467 20
1064 1468 20
1064 1469 20
1467 1468 20
1467 1469 20
1468 1469 20
1470 1471 20
1470 1310 20
1471 1310 20
1473 1471 20
1475 1476 20
1475 1477 20
1476 1477 20
1478 1479 20
1364 1480 20
1364 1481 20
1364 1482 20
1480 1481 20
1480 1482 20
1481 1482 20
1483 1484 20
1483 1485 20
1484 1485 20
1486 1487 20
1380 1488 20
1380 1447 20
1488 1447 20
1014 653 20
1014 1489 20
653 1489 20
1490 1491 20
1490 1492 20
1491 1492 20
13 1493 20
1106 1107 20
1363 1494 20
1495 1496 20
1495 1497 20
1495 1498 20
1496 1497 20
1496 1498 20
1497 1498 20
1180 1181 20
1180 1499 20
1181 1499 20
1064 176 20
1064 1500 20
176 1500 20
1501 1502 20
1503 1504 20
1506 1507 20
1506 1508 20
1506 1509 20
1506 1510 20
1506 1511 20
1507 1508 20
1507 1509 20
1507 1510 20
1507 1511 20
1508 1509 20
1508 1510 20
1508 1511 20
1509 1510 20
1509 1511 20
1510 1511 20
1478 1479 20
1512 1513 20
1140 1145 20
1451 175 20
1451 1069 20
175 1069 20
1515 1400 20
1516 1517 20
1516 1518 20
1517 1518 20
1519 1171 20
1520 1521 20
1522 1523 20
1522 1524 20
1523 1524 20
1525 1526 20
1525 1527 20
1526 1527 20
13 1493 20
1147 1209 20
1147 1529 20
1147 1452 20
1209 1529 20
1209 1452 20
1529 1452 20
1530 1531 20
1530 1342 20
1530 1411 20
1530 1532 20
1531 1342 20
1531 1411 20
1531 1532 20
1342 1411 20
1342 1532 20
1411 1532 20
1533 1181 20
1533 1534 20
1181 1534 20
1535 1536 20
1535 1537 20
1535 1538 20
1536 1537 20
1536 1538 20
1537 1538 20
1075 1471 18
1539 1342 18
1139 1047 18
1541 1542 18
1543 1544 18
1545 1546 18
1545 1547 18
1546 1547 18
1548 1194 18
1548 1195 18
1548 1196 18
1548 1549 18
1194 1195 18
1194 1196 18
1194 1549 18
1195 1196 18
1195 1549 18
1196 1549 18
1143 1550 18
1143 1047 18
1550 1047 18
1117 1430 18
1117 1156 18
1430 1156 18
1554 1555 18
1554 1556 18
1554 1557 18
1554 1558 18
1555 1556 18
1555 1557 18
1555 1558 18
1556 1557 18
1556 1558 18
1557 1558 18
1095 1366 18
1102 1560 18
1561 1157 18
1561 1084 18
1561 1136 18
1157 1084 18
1157 1136 18
1084 1136 18
1562 1563 18
1158 1564 18
1158 1565 18
1564 1565 18
1566 1378 18
1566 1567 18
1566 1568 18
1378 1567 18
1378 1568 18
1567 1568 18
1569 1570 18
1569 1571 18
1569 176 18
1570 1571 18
1570 176 18
1571 176 18
1572 1573 18
1574 1575 18
1574 1576 18
1575 1576 18
1160 1161 18
1160 1206 18
1160 1562 18
1160 1577 18
1161 1206 18
1161 1562 18
1161 1577 18
1206 1562 18
1206 1577 18
1562 1577 18
1578 1565 18
1534 1579 18
1534 1580 18
1579 1580 18
1581 1178 18
1581 1582 18
1178 1582 18
1583 1584 18
1583 1585 18
1584 1585 18
1448 1057 18
1448 1058 18
1448 1059 18
1057 1058 18
1057 1059 18
1058 1059 18
1588 1110 18
1328 1589 18
1328 1590 18
1328 1591 18
1589 1590 18
1589 1591 18
1590 1591 18
1419 1403 18
1592 1593 18
1592 1594 18
1592 1595 18
1593 1594 18
1593 1595 18
1594 1595 18
1159 1452 18
1596 1172 18
1470 1310 18
1598 1599 18
1048 1600 18
1048 1601 18
1600 1601 18
1436 1437 18
1602 1603 18
1164 1604 18
1164 1590 18
1164 1118 18
1164 1167 18
1604 1590 18
1604 1118 18
1604 1167 18
1590 1118 18
1590 1167 18
1118 1167 18
1605 1369 18
1605 1457 18
1369 1457 18
1147 1202 18
1606 1349 18
1607 1124 18
1607 1104 18
1607 1071 18
1607 1608 18
1124 1104 18
1124 1071 18
1124 1608 18
1104 1071 18
1104 1608 18
1071 1608 18
1147 1609 18
1147 1610 18
1147 1611 18
1147 1612 18
1609 1610 18
1609 1611 18
1609 1612 18
1610 1611 18
1610 1612 18
1611 1612 18
1074 1614 18
1486 1487 18
1615 1616 18
1615 1189 18
1616 1189 18
1617 1618 18
1173 1619 18
1620 1621 18
1622 1623 18
1624 1625 18
1190 1191 18
1596 1626 18
1050 1069 18
1050 1051 18
1069 1051 18
1627 1628 18
1627 1067 18
1627 1629 18
1628 1067 18
1628 1629 18
1067 1629 18
1630 1084 18
1088 1089 18
1631 1632 18
1197 1633 18
1197 1634 18
1197 1635 18
1633 1634 18
1633 1635 18
1634 1635 18
1636 1637 14
53 1638 14
53 54 14
53 55 14
53 34 14
1638 54 14
1638 55 14
1638 34 14
54 55 14
54 34 14
55 34 14
1639 1640 14
1639 1641 14
1640 1641 14
1642 687 14
1642 90 14
687 90 14
882 1643 14
227 106 14
1645 249 14
1645 1646 14
249 1646 14
1647 1648 14
1647 1649 14
1648 1649 14
1650 245 14
1651 1652 14
1651 1653 14
1651 1654 14
1651 1655 14
1652 1653 14
1652 1654 14
1652 1655 14
1653 1654 14
1653 1655 14
1654 1655 14
1656 1657 14
1656 1658 14
1657 1658 14
1659 1660 14
1659 245 14
1660 245 14
1661 1662 14
1663 51 14
1663 1664 14
1663 1665 14
51 1664 14
51 1665 14
1664 1665 14
1666 1667 14
1666 1668 14
1667 1668 14
1669 1670 14
1671 1672 14
1671 1673 14
1671 1674 14
1672 1673 14
1672 1674 14
1673 1674 14
1675 1640 14
1676 1677 14
1678 1238 14
1678 1679 14
1238 1679 14
692 1680 14
1681 1682 14
1681 1683 14
1682 1683 14
1684 1685 14
1684 1686 14
1685 1686 14
1687 1688 14
1687 1689 14
1688 1689 14
1690 1691 14
1693 1694 14
1693 1695 14
1693 1696 14
1694 1695 14
1694 1696 14
1695 1696 14
799 1697 14
799 1698 14
1697 1698 14
1699 1700 14
1699 197 14
1699 1701 14
1700 197 14
1700 1701 14
197 1701 14
1702 1703 14
1702 1704 14
1703 1704 14
1705 51 14
1706 1707 14
1706 887 14
1706 542 14
1707 887 14
1707 542 14
887 542 14
1708 1709 14
106 107 14
106 108 14
107 108 14
1710 1711 14
1710 1712 14
1711 1712 14
1713 1714 14
1713 1715 14
1714 1715 14
237 608 14
1716 1005 14
1717 1718 14
851 1719 14
851 1720 14
1719 1720 14
1722 809 14
1722 191 14
1722 15 14
809 191 14
809 15 14
191 15 14
1723 1724 14
1723 1725 14
1724 1725 14
1726 1727 14
1726 1728 14
1726 1729 14
1727 1728 14
1727 1729 14
1728 1729 14
1672 1730 14
1731 1698 14
1731 1732 14
1698 1732 14
1733 1734 14
1733 1735 14
1733 1736 14
1734 1735 14
1734 1736 14
1735 1736 14
887 1737 14
1739 1740 14
1741 1742 14
1743 1744 14
1743 1745 14
1744 1745 14
1746 1747 14
1746 1748 14
1747 1748 14
1749 1750 14
1749 1751 14
1750 1751 14
1753 491 14
1753 490 14
1753 51 14
491 490 14
491 51 14
490 51 14
1647 986 14
1647 1754 14
986 1754 14
1755 1756 14
1757 1758 14
1759 1760 14
1761 1762 14
1761 51 14
1761 1763 14
1762 51 14
1762 1763 14
51 1763 14
1764 1765 14
1766 1767 14
1766 1768 14
1767 1768 14
1769 1770 14
1661 197 14
1771 1772 14
1771 1773 14
1772 1773 14
1774 1775 14
1776 1777 14
797 542 14
797 798 14
542 798 14
1778 1779 14
1778 1780 14
1779 1780 14
1781 1782 14
1783 1784 14
1785 1786 14
1785 1787 14
1785 1788 14
1785 1789 14
1785 1790 14
1785 1791 14
1786 1787 14
1786 1788 14
1786 1789 14
1786 1790 14
1786 1791 14
1787 1788 14
1787 1789 14
1787 1790 14
1787 1791 14
1788 1789 14
1788 1790 14
1788 1791 14
1789 1790 14
1789 1791 14
1790 1791 14
692 821 14
692 1792 14
821 1792 14
881 880 14
881 882 14
880 882 14
1794 237 14
1794 146 14
237 146 14
1795 1640 14
1796 51 14
1796 1797 14
51 1797 14
1798 111 14
1798 1799 14
111 1799 14
1714 1800 14
1714 1801 14
1800 1801 14
1802 1803 14
1802 1804 14
1802 1805 14
1802 1806 14
1803 1804 14
1803 1805 14
1803 1806 14
1804 1805 14
1804 1806 14
1805 1806 14
1722 191 14
1807 1808 12
1807 1809 12
1808 1809 12
1810 1811 12
1636 1637 12
1812 748 12
1812 1813 12
1812 1814 12
1812 749 12
1812 1815 12
1812 750 12
748 1813 12
748 1814 12
748 749 12
748 1815 12
748 750 12
1813 1814 12
1813 749 12
1813 1815 12
1813 750 12
1814 749 12
1814 1815 12
1814 750 12
749 1815 12
749 750 12
1815 750 12
1817 1818 12
1817 1819 12
1817 1820 12
1817 1821 12
1818 1819 12
1818 1820 12
1818 1821 12
1819 1820 12
1819 1821 12
1820 1821 12
1822 1823 12
1822 1824 12
1823 1824 12
1826 1827 12
1826 1707 12
1827 1707 12
1828 1829 12
1830 1831 12
1830 1832 12
1831 1832 12
1833 1834 12
1835 1836 12
1838 1839 12
1838 1840 12
1839 1840 12
1841 1842 12
1841 1843 12
1841 775 12
1842 1843 12
1842 775 12
1843 775 12
1831 1844 12
1831 1845 12
1831 1846 12
1831 1847 12
1844 1845 12
1844 1846 12
1844 1847 12
1845 1846 12
1845 1847 12
1846 1847 12
1848 1849 12
1848 1850 12
1849 1850 12
1852 1853 12
1852 1854 12
1852 1855 12
1853 1854 12
1853 1855 12
1854 1855 12
1856 1857 12
1856 1858 12
1857 1858 12
1859 1860 12
1862 1863 12
1862 1864 12
1863 1864 12
1865 1866 12
1865 1867 12
1866 1867 12
1868 1869 12
1868 1870 12
1868 1871 12
1869 1870 12
1869 1871 12
1870 1871 12
1798 1872 12
1798 1873 12
1872 1873 12
1874 1286 12
1875 1876 12
1877 1878 12
1880 1881 12
1880 1882 12
1880 1883 12
1881 1882 12
1881 1883 12
1882 1883 12
1884 1885 12
1886 1887 12
1886 1888 12
1886 1889 12
1887 1888 12
1887 1889 12
1888 1889 12
1880 1881 12
1880 1882 12
1880 1883 12
1881 1882 12
1881 1883 12
1882 1883 12
1890 1883 12
1890 1891 12
1890 1892 12
1890 1893 12
1883 1891 12
1883 1892 12
1883 1893 12
1891 1892 12
1891 1893 12
1892 1893 12
1894 1895 12
1894 1781 12
1894 1896 12
1895 1781 12
1895 1896 12
1781 1896 12
830 1897 12
1898 1899 12
1898 1900 12
1898 1901 12
1898 1902 12
1899 1900 12
1899 1901 12
1899 1902 12
1900 1901 12
1900 1902 12
1901 1902 12
1903 1904 12
1905 1836 12
1905 1906 12
1836 1906 12
1907 1908 12
1907 1909 12
1908 1909 12
1910 1839 12
1910 1911 12
1910 1840 12
1839 1911 12
1839 1840 12
1911 1840 12
1912 1913 12
1912 1914 12
1913 1914 12
1916 1893 12
1917 1918 12
1919 1920 12
1921 1922 12
1923 1893 12
1923 1892 12
1893 1892 12
1927 1928 12
1927 1929 12
1928 1929 12
1930 1809 12
1931 1932 12
1933 1934 12
1933 1816 12
1934 1816 12
1935 1936 12
1935 1937 12
1935 1938 12
1935 1939 12
1935 1940 12
1936 1937 12
1936 1938 12
1936 1939 12
1936 1940 12
1937 1938 12
1937 1939 12
1937 1940 12
1938 1939 12
1938 1940 12
1939 1940 12
1942 1929 12
1943 1944 12
1943 1945 12
1944 1945 12
828 829 12
828 1946 12
828 830 12
828 831 12
829 1946 12
829 830 12
829 831 12
1946 830 12
1946 831 12
830 831 12
1947 1948 12
1947 1949 12
1947 1950 12
1948 1949 12
1948 1950 12
1949 1950 12
1951 1952 12
1951 1953 12
1951 1879 12
1952 1953 12
1952 1879 12
1953 1879 12
1954 1955 12
1954 1956 12
1955 1956 12
1957 1958 12
1959 1960 12
1959 1961 12
1959 1962 12
1959 1963 12
1959 1964 12
1959 1965 12
1959 1966 12
1959 1967 12
1959 1968 12
1960 1961 12
1960 1962 12
1960 1963 12
1960 1964 12
1960 1965 12
1960 1966 12
1960 1967 12
1960 1968 12
1961 1962 12
1961 1963 12
1961 1964 12
1961 1965 12
1961 1966 12
1961 1967 12
1961 1968 12
1962 1963 12
1962 1964 12
1962 1965 12
1962 1966 12
1962 1967 12
1962 1968 12
1963 1964 12
1963 1965 12
1963 1966 12
1963 1967 12
1963 1968 12
1964 1965 12
1964 1966 12
1964 1967 12
1964 1968 12
1965 1966 12
1965 1967 12
1965 1968 12
1966 1967 12
1966 1968 12
1967 1968 12
1969 1970 12
1969 1971 12
1970 1971 12
1972 1973 12
1974 1975 12
1977 1978 12
1979 1980 12
1979 1884 12
1980 1884 12
1981 1982 12
1981 1983 12
1982 1983 12
1809 1984 12
1985 1986 12
1985 1987 12
1985 1988 12
1985 1989 12
1986 1987 12
1986 1988 12
1986 1989 12
1987 1988 12
1987 1989 12
1988 1989 12
1878 1877 12
1990 1991 12
1990 1992 12
1991 1992 12
1993 1994 12
1993 1995 12
1993 1893 12
1993 1996 12
1993 1997 12
1993 1998 12
1994 1995 12
1994 1893 12
1994 1996 12
1994 1997 12
1994 1998 12
1995 1893 12
1995 1996 12
1995 1997 12
1995 1998 12
1893 1996 12
1893 1997 12
1893 1998 12
1996 1997 12
1996 1998 12
1997 1998 12
2000 1949 12
2000 2001 12
1949 2001 12
1886 1925 12
2002 2003 12
2002 2004 12
2003 2004 12
2005 2006 12
2005 2007 12
2005 618 12
2006 2007 12
2006 618 12
2007 618 12
2008 1950 12
2009 2010 12
2009 2011 12
2010 2011 12
2012 2013 12
518 2014 12
518 2015 12
2014 2015 12
2016 2017 12
2016 1929 12
2017 1929 12
748 749 12
748 2018 12
748 750 12
749 2018 12
749 750 12
2018 750 12
1856 1858 12
1856 1857 12
1858 1857 12
2020 2021 12
2020 2022 12
2021 2022 12
2024 2025 12
1941 2026 12
1941 2027 12
1941 2028 12
1941 2029 12
2026 2027 12
2026 2028 12
2026 2029 12
2027 2028 12
2027 2029 12
2028 2029 12
2030 2031 12
2032 945 12
2032 2033 12
2032 947 12
2032 1876 12
945 2033 12
945 947 12
945 1876 12
2033 947 12
2033 1876 12
947 1876 12
1979 1835 12
1979 1980 12
1979 1836 12
1835 1980 12
1835 1836 12
1980 1836 12
2035 2036 12
2037 2038 12
2040 2041 12
2040 2042 12
2041 2042 12
2043 618 12
2043 1751 12
2043 1750 12
618 1751 12
618 1750 12
1751 1750 12
883 14 16
883 15 16
883 924 16
14 15 16
14 924 16
15 924 16
2044 2045 16
2044 2046 16
2045 2046 16
2047 7 16
2047 8 16
2047 15 16
2047 2048 16
7 8 16
7 15 16
7 2048 16
8 15 16
8 2048 16
15 2048 16
748 749 16
748 750 16
749 750 16
2050 2051 16
2052 1854 16
2052 2053 16
2052 1852 16
2052 801 16
2052 1765 16
1854 2053 16
1854 1852 16
1854 801 16
1854 1765 16
2053 1852 16
2053 801 16
2053 1765 16
1852 801 16
1852 1765 16
801 1765 16
2054 2055 16
2057 2058 16
2057 2059 16
2058 2059 16
2060 2061 16
2060 2062 16
2060 2063 16
2060 2064 16
2060 2065 16
2061 2062 16
2061 2063 16
2061 2064 16
2061 2065 16
2062 2063 16
2062 2064 16
2062 2065 16
2063 2064 16
2063 2065 16
2064 2065 16
1648 1647 16
824 881 16
1638 54 16
2066 2067 16
2066 2068 16
2067 2068 16
2069 2070 16
2071 2072 16
2071 2073 16
2071 2074 16
2071 2075 16
2072 2073 16
2072 2074 16
2072 2075 16
2073 2074 16
2073 2075 16
2074 2075 16
784 2076 16
784 197 16
784 887 16
2076 197 16
2076 887 16
197 887 16
2077 2078 16
2079 2080 16
2079 2081 16
2079 2082 16
2080 2081 16
2080 2082 16
2081 2082 16
1765 2083 16
2084 791 16
2084 792 16
791 792 16
2085 2086 16
2087 2088 16
883 924 16
909 911 16
909 912 16
909 910 16
909 2089 16
909 913 16
911 912 16
911 910 16
911 2089 16
911 913 16
912 910 16
912 2089 16
912 913 16
910 2089 16
910 913 16
2089 913 16
2090 692 16
2090 2091 16
2090 2092 16
692 2091 16
692 2092 16
2091 2092 16
809 15 16
809 191 16
15 191 16
2093 1715 16
2093 2094 16
2093 1714 16
2093 1800 16
1715 2094 16
1715 1714 16
1715 1800 16
2094 1714 16
2094 1800 16
1714 1800 16
2095 2096 16
2097 2098 16
2097 2099 16
2098 2099 16
2100 2101 16
1802 1803 16
1802 1804 16
1802 1805 16
1802 1806 16
1803 1804 16
1803 1805 16
1803 1806 16
1804 1805 16
1804 1806 16
1805 1806 16
1722 191 16
2102 2103 9
2104 2105 9
2104 2106 9
2104 2107 9
2104 2108 9
2105 2106 9
2105 2107 9
2105 2108 9
2106 2107 9
2106 2108 9
2107 2108 9
2110 2111 9
2110 2112 9
2111 2112 9
2113 2114 9
2113 2115 9
2114 2115 9
2116 2117 9
2118 2119 9
2118 2033 9
2119 2033 9
2121 2122 9
2121 2123 9
2122 2123 9
2124 2125 9
2126 2127 9
2126 928 9
2126 2128 9
2127 928 9
2127 2128 9
928 2128 9
2129 2130 9
2131 2132 9
2128 2134 9
2135 2136 9
2135 2137 9
2136 2137 9
2138 2139 9
2000 2140 9
2000 2141 9
2000 2001 9
2140 2141 9
2140 2001 9
2141 2001 9
2142 561 9
2142 1914 9
2142 2143 9
561 1914 9
561 2143 9
1914 2143 9
2120 1371 9
2120 2144 9
1371 2144 9
2145 2146 9
2147 2148 9
2149 2150 9
879 833 9
879 2151 9
833 2151 9
2152 1885 9
1684 1685 9
1684 1686 9
1685 1686 9
2153 2087 9
2153 2154 9
2087 2154 9
2156 2157 9
2156 2158 9
2156 2159 9
2156 2160 9
2157 2158 9
2157 2159 9
2157 2160 9
2158 2159 9
2158 2160 9
2159 2160 9
763 2161 9
763 2162 9
2161 2162 9
2163 2128 9
2164 2165 9
2164 2166 9
2165 2166 9
2167 2168 9
2171 2172 9
2173 920 9
2174 2175 9
2174 2176 9
2175 2176 9
2177 2178 9
2179 2119 9
2179 2033 9
2119 2033 9
2180 1748 9
2180 1747 9
1748 1747 9
2181 926 9
2181 1686 9
2181 2182 9
926 1686 9
926 2182 9
1686 2182 9
2183 2123 9
2184 2185 9
2184 2186 9
2184 2112 9
2184 2187 9
2185 2186 9
2185 2112 9
2185 2187 9
2186 2112 9
2186 2187 9
2112 2187 9
2188 2001 9
2189 2130 9
2190 2191 9
2190 2192 9
2191 2192 9
2193 2194 9
2196 2197 9
2198 2199 9
2198 937 9
2199 937 9
2200 2201 9
2200 2202 9
2200 2203 9
2200 2204 9
2201 2202 9
2201 2203 9
2201 2204 9
2202 2203 9
2202 2204 9
2203 2204 9
2206 2207 9
2208 2209 9
2208 2210 9
2209 2210 9
2211 2212 9
2211 2213 9
2212 2213 9
2214 975 9
2180 1748 9
2180 1747 9
1748 1747 9
2215 1885 9
2216 2217 9
2216 2218 9
2216 2219 9
2217 2218 9
2217 2219 9
2218 2219 9
2220 2221 9
2220 975 9
2221 975 9
2222 926 9
2222 2223 9
926 2223 9
2224 2126 9
2225 2226 9
197 2227 9
197 15 9
197 1701 9
2227 15 9
2227 1701 9
15 1701 9
876 2228 9
876 2229 9
2228 2229 9
2230 2231 9
2232 2233 9
2234 2235 9
2144 2236 9
2144 2237 9
2236 2237 9
2118 2238 9
2118 615 9
2238 615 9
2241 2242 9
2148 1127 9
2148 2243 9
1127 2243 9
2244 2245 9
2244 2246 9
2244 2247 9
2245 2246 9
2245 2247 9
2246 2247 9
2248 2249 9
2231 2250 9
2231 2251 9
2231 2252 9
2250 2251 9
2250 2252 9
2251 2252 9
2253 742 9
2254 925 9
2209 2208 9
2209 2210 9
2208 2210 9
2255 2256 9
2104 2257 9
2104 2258 9
2104 2259 9
2257 2258 9
2257 2259 9
2258 2259 9
2144 2120 9
2261 2262 21
1543 1049 21
1543 2263 21
1049 2263 21
2264 2265 21
2264 2266 21
2264 2267 21
2264 2268 21
2265 2266 21
2265 2267 21
2265 2268 21
2266 2267 21
2266 2268 21
2267 2268 21
2269 2270 21
2271 2272 21
1543 2273 21
2275 2276 21
1543 2273 21
2261 2277 21
2278 2279 21
2280 2281 21
2280 2282 21
2281 2282 21
2202 2280 21
2202 2261 21
2280 2261 21
2284 2285 21
2287 2288 21
2287 2289 21
2288 2289 21
2288 2290 21
2288 1895 21
2290 1895 21
2291 2284 21
2293 2270 21
2294 2295 21
2294 2296 21
2295 2296 21
2298 916 17
2298 2299 17
2298 2300 17
916 2299 17
916 2300 17
2299 2300 17
2301 2302 17
2301 2303 17
2302 2303 17
2304 2268 17
2304 2305 17
2304 2267 17
2304 2266 17
2304 2306 17
2268 2305 17
2268 2267 17
2268 2266 17
2268 2306 17
2305 2267 17
2305 2266 17
2305 2306 17
2267 2266 17
2267 2306 17
2266 2306 17
2307 2308 17
2307 193 17
2307 2299 17
2308 193 17
2308 2299 17
193 2299 17
2309 2310 17
920 2173 17
1656 1657 17
1656 1658 17
1657 1658 17
783 115 17
783 952 17
115 952 17
2311 2312 17
2314 2315 17
2314 2316 17
2315 2316 17
2317 2318 17
2319 2320 17
2319 2321 17
2320 2321 17
2322 687 17
2322 2323 17
2322 90 17
687 2323 17
687 90 17
2323 90 17
2324 827 17
2324 2325 17
827 2325 17
2326 2327 17
2326 2328 17
2327 2328 17
2329 786 17
2330 2331 17
2330 2332 17
2330 2333 17
2331 2332 17
2331 2333 17
2332 2333 17
1732 2334 17
1732 2335 17
1732 2336 17
2334 2335 17
2334 2336 17
2335 2336 17
2337 947 17
2338 2339 17
2338 2340 17
2339 2340 17
891 2341 17
891 2342 17
891 2343 17
2341 2342 17
2341 2343 17
2342 2343 17
2344 2345 17
2344 2346 17
2345 2346 17
2308 193 17
2308 2347 17
193 2347 17
2348 2349 17
2348 2350 17
2349 2350 17
2351 2352 17
2351 2353 17
2351 2354 17
2352 2353 17
2352 2354 17
2353 2354 17
2339 2355 17
2339 2340 17
2355 2340 17
2356 2357 17
2356 1657 17
2356 1658 17
2357 1657 17
2357 1658 17
1657 1658 17
2358 2359 17
887 2360 17
887 542 17
887 1706 17
2360 542 17
2360 1706 17
542 1706 17
873 2361 17
873 2362 17
2361 2362 17
2363 2364 17
2365 975 17
1676 2366 17
1676 1677 17
2366 1677 17
2367 2368 17
2367 826 17
2368 826 17
2370 2371 17
2370 952 17
2370 2372 17
2371 952 17
2371 2372 17
952 2372 17
2373 2374 17
907 906 17
2375 2376 17
2375 2377 17
2376 2377 17
2378 2379 17
872 2380 17
159 37 17
2356 2357 17
2356 1657 17
2356 1658 17
2357 1657 17
2357 1658 17
1657 1658 17
2381 971 17
2267 2264 17
2267 2266 17
2267 2268 17
2267 2382 17
2267 2383 17
2264 2266 17
2264 2268 17
2264 2382 17
2264 2383 17
2266 2268 17
2266 2382 17
2266 2383 17
2268 2382 17
2268 2383 17
2382 2383 17
915 916 17
915 2299 17
915 917 17
916 2299 17
916 917 17
2299 917 17
2384 587 17
2384 586 17
2384 45 17
587 586 17
587 45 17
586 45 17
2385 1766 17
875 976 17
875 949 17
875 2386 17
976 949 17
976 2386 17
949 2386 17
187 188 17
2387 2388 17
2387 2389 17
2387 2390 17
2387 2391 17
2388 2389 17
2388 2390 17
2388 2391 17
2389 2390 17
2389 2391 17
2390 2391 17
2392 2393 17
2392 2335 17
2393 2335 17
2394 2395 17
2396 2397 17
2398 2399 10
2400 2057 10
2400 2059 10
2057 2059 10
2401 2402 10
2404 2405 10
2406 2407 10
2406 2408 10
2407 2408 10
2409 2235 10
2409 2410 10
2235 2410 10
2411 2412 10
2413 2414 10
2415 2204 10
2416 2417 10
2418 1630 10
2418 2419 10
2418 2420 10
1630 2419 10
1630 2420 10
2419 2420 10
2421 2422 10
2423 2424 10
2423 2425 10
2423 876 10
2424 2425 10
2424 876 10
2425 876 10
618 2426 10
618 2427 10
618 1751 10
2426 2427 10
2426 1751 10
2427 1751 10
2429 2430 10
2429 2059 10
2430 2059 10
2057 2432 10
2057 2059 10
2432 2059 10
2405 2057 10
2405 2433 10
2057 2433 10
2434 2435 10
2434 2436 10
2435 2436 10
2437 2438 10
2430 2439 10
2440 2441 10
1832 2442 10
1832 2400 10
1832 2443 10
2442 2400 10
2442 2443 10
2400 2443 10
2414 2444 10
2445 2204 10
2195 2446 10
2447 2448 10
2447 2449 10
2447 2450 10
2447 2451 10
2447 2452 10
2448 2449 10
2448 2450 10
2448 2451 10
2448 2452 10
2449 2450 10
2449 2451 10
2449 2452 10
2450 2451 10
2450 2452 10
2451 2452 10
2453 2454 10
2453 2410 10
2454 2410 10
2455 2456 10
2457 2458 10
2457 2459 10
2458 2459 10
2460 2461 10
2462 1370 10
2463 1022 10
2464 2465 10
2466 2467 10
2468 2461 10
2470 2471 10
2470 2472 10
2470 2473 10
2470 2410 10
2471 2472 10
2471 2473 10
2471 2410 10
2472 2473 10
2472 2410 10
2473 2410 10
2474 2446 10
1022 2475 10
2476 2234 10
2476 2477 10
2234 2477 10
2478 2479 10
2481 2482 10
2481 2483 10
2481 2484 10
2482 2483 10
2482 2484 10
2483 2484 10
2485 2289 10
1137 2486 10
2118 2487 10
2489 2490 10
2489 2410 10
2489 2491 10
2489 2431 10
2490 2410 10
2490 2491 10
2490 2431 10
2410 2491 10
2410 2431 10
2491 2431 10
2492 2446 10
2493 2494 10
2495 2496 10
2495 2497 10
2495 2498 10
2496 2497 10
2496 2498 10
2497 2498 10
1906 1885 10
2499 2297 10
2238 615 10
2058 2057 10
2500 2249 10
2501 2502 10
2501 2503 10
2502 2503 10
2504 2466 10
2505 2506 10
2507 2508 10
2507 2509 10
2508 2509 10
2510 2511 10
2512 2513 10
2514 2461 10
2514 2515 10
2461 2515 10
2516 2517 13
2518 2519 13
2518 2520 13
2519 2520 13
2521 2522 13
2521 1857 13
2522 1857 13
2523 2524 13
2525 2526 13
2527 2528 13
1978 2529 13
1856 1857 13
1856 1858 13
1857 1858 13
2530 1924 13
2531 2532 13
2531 2533 13
2532 2533 13
2534 2036 13
2534 2535 13
2534 1857 13
2534 2536 13
2036 2535 13
2036 1857 13
2036 2536 13
2535 1857 13
2535 2536 13
1857 2536 13
2537 2538 13
2537 2539 13
2537 2540 13
2538 2539 13
2538 2540 13
2539 2540 13
2541 2542 13
2541 2543 13
2542 2543 13
2544 2545 13
2544 2546 13
2545 2546 13
1956 1955 13
1956 1954 13
1955 1954 13
2548 2549 13
2550 2551 13
2552 2036 13
2553 2554 13
2553 2555 13
2554 2555 13
2556 2557 13
