2 3 2
2 4 2
3 4 2
5 6 2
5 7 2
6 7 2
8 9 2
10 11 2
10 12 2
11 12 2
13 14 2
13 15 2
13 16 2
14 15 2
14 16 2
15 16 2
17 18 2
17 19 2
18 19 2
20 21 2
20 22 2
20 23 2
21 22 2
21 23 2
22 23 2
24 25 2
24 26 2
24 27 2
25 26 2
25 27 2
26 27 2
28 29 2
28 30 2
29 30 2
31 32 2
33 34 2
33 35 2
34 35 2
36 37 2
36 38 2
36 39 2
37 38 2
37 39 2
38 39 2
40 41 2
40 42 2
41 42 2
43 44 2
43 45 2
43 46 2
44 45 2
44 46 2
45 46 2
47 48 2
49 50 2
49 51 2
49 52 2
50 51 2
50 52 2
51 52 2
53 54 2
53 55 2
54 55 2
56 57 2
56 58 2
56 59 2
56 60 2
56 61 2
57 58 2
57 59 2
57 60 2
57 61 2
58 59 2
58 60 2
58 61 2
59 60 2
59 61 2
60 61 2
62 63 2
62 64 2
63 64 2
65 66 2
67 68 2
67 4 2
68 4 2
69 70 2
69 71 2
69 72 2
70 71 2
70 72 2
71 72 2
73 74 2
75 32 2
75 76 2
75 77 2
32 76 2
32 77 2
76 77 2
79 80 2
79 81 2
79 82 2
80 81 2
80 82 2
81 82 2
83 76 2
83 77 2
83 84 2
76 77 2
76 84 2
77 84 2
85 86 2
87 76 2
87 77 2
76 77 2
88 89 2
88 90 2
88 91 2
88 92 2
88 93 2
89 90 2
89 91 2
89 92 2
89 93 2
90 91 2
90 92 2
90 93 2
91 92 2
91 93 2
92 93 2
22 20 2
22 23 2
20 23 2
94 95 2
94 96 2
94 97 2
94 98 2
95 96 2
95 97 2
95 98 2
96 97 2
96 98 2
97 98 2
99 100 2
101 102 2
103 104 2
103 105 2
104 105 2
106 107 2
106 108 2
106 109 2
107 108 2
107 109 2
108 109 2
110 14 2
110 16 2
110 111 2
14 16 2
14 111 2
16 111 2
112 113 2
112 114 2
113 114 2
115 116 2
115 117 2
116 117 2
118 119 2
118 28 2
118 120 2
118 121 2
119 28 2
119 120 2
119 121 2
28 120 2
28 121 2
120 121 2
122 66 2
123 124 2
123 125 2
124 125 2
126 127 2
126 128 2
126 14 2
127 128 2
127 14 2
128 14 2
129 130 2
131 55 2
131 132 2
131 133 2
55 132 2
55 133 2
132 133 2
32 134 2
32 76 2
32 77 2
134 76 2
134 77 2
76 77 2
135 136 2
138 139 2
138 140 2
138 141 2
139 140 2
139 141 2
140 141 2
142 143 2
142 16 2
143 16 2
144 145 2
144 146 2
145 146 2
147 148 2
147 149 2
148 149 2
151 152 2
151 153 2
151 154 2
152 153 2
152 154 2
153 154 2
155 156 2
155 157 2
156 157 2
158 16 2
158 159 2
16 159 2
160 66 2
161 162 2
161 163 2
162 163 2
79 164 2
79 165 2
79 166 2
164 165 2
164 166 2
165 166 2
167 168 2
169 170 2
169 171 2
169 157 2
170 171 2
170 157 2
171 157 2
164 172 2
75 164 2
173 14 2
173 174 2
173 175 2
173 111 2
14 174 2
14 175 2
14 111 2
174 175 2
174 111 2
175 111 2
176 177 2
176 178 2
176 179 2
176 180 2
177 178 2
177 179 2
177 180 2
178 179 2
178 180 2
179 180 2
181 182 2
183 184 2
183 133 2
183 114 2
184 133 2
184 114 2
133 114 2
161 163 2
185 186 2
185 187 2
186 187 2
188 189 2
188 190 2
189 190 2
191 192 2
191 193 2
191 76 2
191 77 2
192 193 2
192 76 2
192 77 2
193 76 2
193 77 2
76 77 2
194 195 2
194 196 2
194 197 2
194 198 2
194 199 2
194 200 2
194 201 2
194 202 2
195 196 2
195 197 2
195 198 2
195 199 2
195 200 2
195 201 2
195 202 2
196 197 2
196 198 2
196 199 2
196 200 2
196 201 2
196 202 2
197 198 2
197 199 2
197 200 2
197 201 2
197 202 2
198 199 2
198 200 2
198 201 2
198 202 2
199 200 2
199 201 2
199 202 2
200 201 2
200 202 2
201 202 2
127 203 2
127 204 2
127 205 2
127 126 2
127 206 2
127 111 2
203 204 2
203 205 2
203 126 2
203 206 2
203 111 2
204 205 2
204 126 2
204 206 2
204 111 2
205 126 2
205 206 2
205 111 2
126 206 2
126 111 2
206 111 2
207 208 2
207 209 2
208 209 2
211 212 2
211 213 2
212 213 2
214 215 2
214 216 2
214 217 2
214 218 2
214 219 2
214 220 2
214 221 2
215 216 2
215 217 2
215 218 2
215 219 2
215 220 2
215 221 2
216 217 2
216 218 2
216 219 2
216 220 2
216 221 2
217 218 2
217 219 2
217 220 2
217 221 2
218 219 2
218 220 2
218 221 2
219 220 2
219 221 2
220 221 2
222 223 2
224 225 2
224 226 2
225 226 2
128 126 2
128 127 2
128 203 2
126 127 2
126 203 2
127 203 2
113 112 2
113 114 2
112 114 2
227 228 2
227 229 2
228 229 2
230 177 2
230 231 2
177 231 2
232 163 2
233 234 2
233 235 2
233 236 2
234 235 2
234 236 2
235 236 2
237 37 2
237 238 2
37 238 2
239 240 2
239 241 2
240 241 2
242 243 2
242 244 2
243 244 2
93 245 2
246 247 2
246 248 2
246 249 2
247 248 2
247 249 2
248 249 2
250 251 2
250 48 2
250 252 2
250 253 2
250 254 2
251 48 2
251 252 2
251 253 2
251 254 2
48 252 2
48 253 2
48 254 2
252 253 2
252 254 2
253 254 2
93 255 2
93 256 2
255 256 2
257 258 2
257 259 2
257 260 2
258 259 2
258 260 2
259 260 2
261 262 2
261 263 2
262 263 2
264 265 2
87 266 2
87 77 2
87 267 2
266 77 2
266 267 2
77 267 2
268 66 2
270 271 2
270 272 2
270 273 2
271 272 2
271 273 2
272 273 2
106 274 2
106 203 2
106 275 2
106 276 2
274 203 2
274 275 2
274 276 2
203 275 2
203 276 2
275 276 2
277 278 2
279 280 2
279 281 2
279 282 2
279 283 2
279 284 2
279 285 2
279 242 2
279 286 2
280 281 2
280 282 2
280 283 2
280 284 2
280 285 2
280 242 2
280 286 2
281 282 2
281 283 2
281 284 2
281 285 2
281 242 2
281 286 2
282 283 2
282 284 2
282 285 2
282 242 2
282 286 2
283 284 2
283 285 2
283 242 2
283 286 2
284 285 2
284 242 2
284 286 2
285 242 2
285 286 2
242 286 2
169 170 2
169 171 2
169 157 2
170 171 2
170 157 2
171 157 2
87 193 2
87 77 2
193 77 2
287 288 2
287 289 2
287 290 2
288 289 2
288 290 2
289 290 2
291 292 2
293 294 2
293 295 2
293 170 2
293 296 2
294 295 2
294 170 2
294 296 2
295 170 2
295 296 2
170 296 2
297 298 25
297 299 25
298 299 25
300 301 25
302 303 25
304 305 25
306 307 25
308 309 25
308 310 25
309 310 25
311 312 25
313 314 25
313 315 25
314 315 25
316 317 25
318 319 25
322 323 25
324 315 25
324 325 25
315 325 25
326 327 25
328 329 25
328 330 25
329 330 25
327 331 25
332 333 25
332 334 25
332 335 25
333 334 25
333 335 25
334 335 25
336 337 25
336 338 25
337 338 25
339 334 25
339 335 25
334 335 25
340 341 25
340 342 25
340 343 25
341 342 25
341 343 25
342 343 25
344 345 25
344 346 25
345 346 25
347 348 25
347 349 25
348 349 25
350 351 25
350 352 25
351 352 25
353 354 25
353 355 25
354 355 25
356 357 25
358 359 25
360 361 25
362 363 25
362 364 25
363 364 25
366 367 25
368 312 25
369 370 25
369 371 25
370 371 25
372 373 25
372 374 25
373 374 25
375 368 25
376 377 25
376 378 25
377 378 25
379 380 25
379 381 25
379 382 25
379 383 25
380 381 25
380 382 25
380 383 25
381 382 25
381 383 25
382 383 25
384 385 25
384 386 25
385 386 25
387 388 25
389 390 25
389 391 25
390 391 25
392 354 25
393 394 25
395 390 25
385 384 25
385 386 25
384 386 25
396 397 25
398 399 25
398 400 25
398 401 25
399 400 25
399 401 25
400 401 25
402 403 25
402 404 25
403 404 25
405 406 25
405 407 25
405 408 25
406 407 25
406 408 25
407 408 25
409 410 25
409 411 25
410 411 25
412 413 25
412 414 25
413 414 25
415 416 25
417 418 25
419 420 25
419 421 25
419 422 25
419 423 25
420 421 25
420 422 25
420 423 25
421 422 25
421 423 25
422 423 25
424 425 25
426 427 25
426 428 25
427 428 25
357 334 25
429 430 25
429 431 25
430 431 25
432 309 25
433 390 25
433 434 25
390 434 25
397 435 25
397 436 25
435 436 25
437 438 25
439 319 25
440 441 25
442 443 25
442 444 25
442 400 25
443 444 25
443 400 25
444 400 25
445 385 25
445 328 25
445 446 25
445 447 25
385 328 25
385 446 25
385 447 25
328 446 25
328 447 25
446 447 25
448 381 25
449 450 25
449 451 25
450 451 25
452 453 25
452 454 25
452 455 25
452 456 25
453 454 25
453 455 25
453 456 25
454 455 25
454 456 25
455 456 25
457 458 25
457 459 25
458 459 25
460 461 25
462 371 25
463 464 25
463 465 25
464 465 25
466 301 25
466 467 25
301 467 25
468 469 25
468 470 25
468 471 25
468 472 25
469 470 25
469 471 25
469 472 25
470 471 25
470 472 25
471 472 25
473 474 25
473 298 25
474 298 25
475 476 25
477 478 25
479 480 25
481 482 25
481 483 25
481 360 25
482 483 25
482 360 25
483 360 25
485 341 25
486 487 5
489 490 5
489 491 5
490 491 5
492 493 5
492 494 5
492 495 5
493 494 5
493 495 5
494 495 5
496 497 5
496 498 5
497 498 5
499 500 5
499 501 5
499 502 5
499 503 5
499 504 5
499 505 5
499 238 5
499 5 5
499 37 5
499 6 5
500 501 5
500 502 5
500 503 5
500 504 5
500 505 5
500 238 5
500 5 5
500 37 5
500 6 5
501 502 5
501 503 5
501 504 5
501 505 5
501 238 5
501 5 5
501 37 5
501 6 5
502 503 5
502 504 5
502 505 5
502 238 5
502 5 5
502 37 5
502 6 5
503 504 5
503 505 5
503 238 5
503 5 5
503 37 5
503 6 5
504 505 5
504 238 5
504 5 5
504 37 5
504 6 5
505 238 5
505 5 5
505 37 5
505 6 5
238 5 5
238 37 5
238 6 5
5 37 5
5 6 5
37 6 5
36 37 5
36 38 5
36 39 5
37 38 5
37 39 5
38 39 5
507 240 5
507 508 5
240 508 5
266 254 5
266 509 5
266 510 5
266 511 5
254 509 5
254 510 5
254 511 5
509 510 5
509 511 5
510 511 5
512 513 5
512 514 5
512 515 5
513 514 5
513 515 5
514 515 5
516 517 5
516 518 5
516 519 5
516 520 5
516 521 5
517 518 5
517 519 5
517 520 5
517 521 5
518 519 5
518 520 5
518 521 5
519 520 5
519 521 5
520 521 5
523 157 5
523 524 5
523 525 5
523 526 5
523 527 5
157 524 5
157 525 5
157 526 5
157 527 5
524 525 5
524 526 5
524 527 5
525 526 5
525 527 5
526 527 5
528 529 5
530 531 5
494 532 5
494 493 5
532 493 5
534 48 5
536 55 5
536 537 5
536 538 5
536 539 5
536 540 5
55 537 5
55 538 5
55 539 5
55 540 5
537 538 5
537 539 5
537 540 5
538 539 5
538 540 5
539 540 5
541 133 5
542 543 5
542 544 5
543 544 5
545 546 5
545 547 5
546 547 5
548 549 5
548 550 5
549 550 5
551 42 5
551 552 5
42 552 5
553 554 5
553 114 5
553 183 5
553 555 5
554 114 5
554 183 5
554 555 5
114 183 5
114 555 5
183 555 5
556 557 5
556 558 5
556 559 5
556 560 5
557 558 5
557 559 5
557 560 5
558 559 5
558 560 5
559 560 5
293 187 5
293 561 5
187 561 5
562 177 5
562 180 5
177 180 5
564 565 5
564 566 5
565 566 5
567 568 5
567 569 5
567 570 5
567 571 5
567 572 5
567 573 5
567 574 5
567 575 5
567 576 5
567 577 5
567 578 5
567 579 5
567 580 5
567 581 5
567 582 5
567 583 5
567 584 5
567 585 5
567 586 5
567 587 5
568 569 5
568 570 5
568 571 5
568 572 5
568 573 5
568 574 5
568 575 5
568 576 5
568 577 5
568 578 5
568 579 5
568 580 5
568 581 5
568 582 5
568 583 5
568 584 5
568 585 5
568 586 5
568 587 5
569 570 5
569 571 5
569 572 5
569 573 5
569 574 5
569 575 5
569 576 5
569 577 5
569 578 5
569 579 5
569 580 5
569 581 5
569 582 5
569 583 5
569 584 5
569 585 5
569 586 5
569 587 5
570 571 5
570 572 5
570 573 5
570 574 5
570 575 5
570 576 5
570 577 5
570 578 5
570 579 5
570 580 5
570 581 5
570 582 5
570 583 5
570 584 5
570 585 5
570 586 5
570 587 5
571 572 5
571 573 5
571 574 5
571 575 5
571 576 5
571 577 5
571 578 5
571 579 5
571 580 5
571 581 5
571 582 5
571 583 5
571 584 5
571 585 5
571 586 5
571 587 5
572 573 5
572 574 5
572 575 5
572 576 5
572 577 5
572 578 5
572 579 5
572 580 5
572 581 5
572 582 5
572 583 5
572 584 5
572 585 5
572 586 5
572 587 5
573 574 5
573 575 5
573 576 5
573 577 5
573 578 5
573 579 5
573 580 5
573 581 5
573 582 5
573 583 5
573 584 5
573 585 5
573 586 5
573 587 5
574 575 5
574 576 5
574 577 5
574 578 5
574 579 5
574 580 5
574 581 5
574 582 5
574 583 5
574 584 5
574 585 5
574 586 5
574 587 5
575 576 5
575 577 5
575 578 5
575 579 5
575 580 5
575 581 5
575 582 5
575 583 5
575 584 5
575 585 5
575 586 5
575 587 5
576 577 5
576 578 5
576 579 5
576 580 5
576 581 5
576 582 5
576 583 5
576 584 5
576 585 5
576 586 5
576 587 5
577 578 5
577 579 5
577 580 5
577 581 5
577 582 5
577 583 5
577 584 5
577 585 5
577 586 5
577 587 5
578 579 5
578 580 5
578 581 5
578 582 5
578 583 5
578 584 5
578 585 5
578 586 5
578 587 5
579 580 5
579 581 5
579 582 5
579 583 5
579 584 5
579 585 5
579 586 5
579 587 5
580 581 5
580 582 5
580 583 5
580 584 5
580 585 5
580 586 5
580 587 5
581 582 5
581 583 5
581 584 5
581 585 5
581 586 5
581 587 5
582 583 5
582 584 5
582 585 5
582 586 5
582 587 5
583 584 5
583 585 5
583 586 5
583 587 5
584 585 5
584 586 5
584 587 5
585 586 5
585 587 5
586 587 5
76 77 5
588 589 5
588 590 5
588 591 5
588 592 5
588 593 5
588 594 5
588 595 5
588 596 5
589 590 5
589 591 5
589 592 5
589 593 5
589 594 5
589 595 5
589 596 5
590 591 5
590 592 5
590 593 5
590 594 5
590 595 5
590 596 5
591 592 5
591 593 5
591 594 5
591 595 5
591 596 5
592 593 5
592 594 5
592 595 5
592 596 5
593 594 5
593 595 5
593 596 5
594 595 5
594 596 5
595 596 5
597 598 5
597 599 5
597 600 5
598 599 5
598 600 5
599 600 5
601 602 5
601 603 5
601 604 5
602 603 5
602 604 5
603 604 5
606 607 5
606 29 5
607 29 5
608 512 5
608 514 5
512 514 5
233 609 5
233 236 5
609 236 5
610 11 5
610 296 5
11 296 5
611 4 5
611 612 5
611 613 5
4 612 5
4 613 5
612 613 5
614 615 5
614 616 5
615 616 5
617 548 5
617 549 5
617 77 5
548 549 5
548 77 5
549 77 5
217 221 5
160 66 5
618 619 5
618 620 5
618 621 5
618 622 5
618 623 5
619 620 5
619 621 5
619 622 5
619 623 5
620 621 5
620 622 5
620 623 5
621 622 5
621 623 5
622 623 5
618 620 5
618 624 5
618 625 5
618 626 5
618 627 5
618 628 5
618 623 5
618 629 5
620 624 5
620 625 5
620 626 5
620 627 5
620 628 5
620 623 5
620 629 5
624 625 5
624 626 5
624 627 5
624 628 5
624 623 5
624 629 5
625 626 5
625 627 5
625 628 5
625 623 5
625 629 5
626 627 5
626 628 5
626 623 5
626 629 5
627 628 5
627 623 5
627 629 5
628 623 5
628 629 5
623 629 5
630 631 5
630 632 5
631 632 5
633 634 5
633 635 5
633 636 5
633 637 5
633 638 5
633 639 5
634 635 5
634 636 5
634 637 5
634 638 5
634 639 5
635 636 5
635 637 5
635 638 5
635 639 5
636 637 5
636 638 5
636 639 5
637 638 5
637 639 5
638 639 5
115 117 5
115 116 5
117 116 5
640 240 5
246 641 5
246 565 5
246 642 5
641 565 5
641 642 5
565 642 5
643 624 5
643 644 5
643 645 5
643 628 5
643 646 5
624 644 5
624 645 5
624 628 5
624 646 5
644 645 5
644 628 5
644 646 5
645 628 5
645 646 5
628 646 5
647 648 5
649 650 5
117 651 5
117 147 5
117 115 5
651 147 5
651 115 5
147 115 5
652 653 5
654 655 5
83 656 5
83 76 5
83 77 5
83 657 5
656 76 5
656 77 5
656 657 5
76 77 5
76 657 5
77 657 5
658 659 5
658 660 5
659 660 5
661 662 5
661 663 5
662 663 5
664 665 5
664 79 5
665 79 5
667 668 5
667 669 5
668 669 5
670 671 5
672 673 5
672 674 5
673 674 5
112 554 5
112 675 5
112 114 5
112 183 5
112 555 5
554 675 5
554 114 5
554 183 5
554 555 5
675 114 5
675 183 5
675 555 5
114 183 5
114 555 5
183 555 5
676 133 5
676 177 5
676 180 5
133 177 5
133 180 5
177 180 5
505 6 5
677 678 5
677 679 5
678 679 5
680 681 5
680 682 5
681 682 5
683 276 5
683 684 5
683 296 5
276 684 5
276 296 5
684 296 5
565 566 5
565 685 5
565 686 5
565 687 5
566 685 5
566 686 5
566 687 5
685 686 5
685 687 5
686 687 5
207 688 5
207 689 5
688 689 5
690 628 5
691 71 5
692 693 5
692 694 5
693 694 5
696 697 5
696 698 5
697 698 5
699 11 5
103 32 5
103 104 5
32 104 5
700 54 5
700 701 5
700 235 5
700 702 5
700 703 5
54 701 5
54 235 5
54 702 5
54 703 5
701 235 5
701 702 5
701 703 5
235 702 5
235 703 5
702 703 5
704 224 5
704 225 5
224 225 5
705 706 5
707 708 5
707 709 5
707 710 5
708 709 5
708 710 5
709 710 5
150 711 5
150 133 5
150 208 5
150 712 5
150 164 5
711 133 5
711 208 5
711 712 5
711 164 5
133 208 5
133 712 5
133 164 5
208 712 5
208 164 5
712 164 5
713 714 5
713 715 5
713 716 5
713 717 5
713 718 5
714 715 5
714 716 5
714 717 5
714 718 5
715 716 5
715 717 5
715 718 5
716 717 5
716 718 5
717 718 5
719 720 5
721 722 5
721 723 5
722 723 5
105 103 5
105 76 5
105 104 5
105 77 5
105 545 5
103 76 5
103 104 5
103 77 5
103 545 5
76 104 5
76 77 5
76 545 5
104 77 5
104 545 5
77 545 5
725 726 5
725 727 5
726 727 5
728 729 5
728 730 5
728 731 5
728 681 5
728 732 5
728 733 5
729 730 5
729 731 5
729 681 5
729 732 5
729 733 5
730 731 5
730 681 5
730 732 5
730 733 5
731 681 5
731 732 5
731 733 5
681 732 5
681 733 5
732 733 5
164 734 5
164 166 5
734 166 5
735 736 5
126 128 5
126 127 5
126 203 5
128 127 5
128 203 5
127 203 5
737 738 5
737 739 5
737 740 5
738 739 5
738 740 5
739 740 5
741 742 5
741 743 5
741 744 5
742 743 5
742 744 5
743 744 5
745 287 5
745 289 5
745 746 5
287 289 5
287 746 5
289 746 5
87 266 5
87 77 5
87 267 5
266 77 5
266 267 5
77 267 5
747 748 5
749 685 5
749 750 5
749 751 5
749 752 5
685 750 5
685 751 5
685 752 5
750 751 5
750 752 5
751 752 5
56 753 5
754 755 5
754 756 5
755 756 5
757 241 5
757 496 5
757 758 5
241 496 5
241 758 5
496 758 5
501 5 5
501 759 5
501 6 5
5 759 5
5 6 5
759 6 5
760 761 5
760 762 5
760 269 5
760 763 5
760 764 5
761 762 5
761 269 5
761 763 5
761 764 5
762 269 5
762 763 5
762 764 5
269 763 5
269 764 5
763 764 5
510 254 5
765 766 5
767 768 5
767 769 5
768 769 5
238 37 5
238 500 5
37 500 5
770 771 5
772 276 5
772 773 5
772 774 5
276 773 5
276 774 5
773 774 5
775 69 5
777 778 5
777 779 5
777 780 5
778 779 5
778 780 5
779 780 5
781 183 5
782 783 5
201 202 5
784 785 11
786 787 11
786 788 11
787 788 11
789 790 11
789 791 11
790 791 11
792 793 11
792 794 11
792 795 11
793 794 11
793 795 11
794 795 11
796 795 11
796 797 11
795 797 11
798 799 11
798 800 11
798 801 11
798 802 11
799 800 11
799 801 11
799 802 11
800 801 11
800 802 11
801 802 11
803 804 11
805 806 11
805 807 11
806 807 11
808 809 11
808 810 11
809 810 11
811 812 11
813 814 11
815 816 11
817 818 11
819 820 11
819 821 11
820 821 11
822 823 11
822 824 11
822 825 11
823 824 11
823 825 11
824 825 11
826 827 11
828 829 11
832 812 11
834 795 11
835 836 11
837 838 11
842 843 11
844 845 11
847 848 11
849 850 11
849 851 11
850 851 11
852 853 11
852 849 11
853 849 11
854 788 11
855 856 11
857 858 11
857 859 11
858 859 11
860 861 11
799 862 11
847 863 11
847 864 11
863 864 11
865 866 11
865 867 11
866 867 11
868 869 11
870 871 11
872 873 11
874 875 15
874 876 15
874 877 15
874 878 15
875 876 15
875 877 15
875 878 15
876 877 15
876 878 15
877 878 15
880 881 15
880 882 15
880 883 15
880 884 15
881 882 15
881 883 15
881 884 15
882 883 15
882 884 15
883 884 15
885 886 15
885 887 15
886 887 15
888 889 15
888 890 15
888 891 15
888 296 15
889 890 15
889 891 15
889 296 15
890 891 15
890 296 15
891 296 15
892 893 15
892 894 15
892 895 15
893 894 15
893 895 15
894 895 15
896 897 15
896 898 15
897 898 15
899 900 15
901 902 15
901 903 15
902 903 15
904 905 15
904 906 15
905 906 15
109 907 15
908 909 15
295 293 15
295 296 15
295 911 15
293 296 15
293 911 15
296 911 15
912 913 15
912 914 15
913 914 15
915 916 15
915 917 15
915 918 15
915 919 15
916 917 15
916 918 15
916 919 15
917 918 15
917 919 15
918 919 15
920 921 15
922 923 15
924 925 15
926 927 15
926 928 15
927 928 15
929 930 15
929 931 15
930 931 15
932 888 15
932 933 15
932 934 15
888 933 15
888 934 15
933 934 15
935 936 15
935 937 15
936 937 15
938 939 15
940 941 15
940 942 15
941 942 15
943 944 15
943 945 15
944 945 15
946 947 15
946 948 15
947 948 15
949 950 15
952 953 15
954 955 15
954 956 15
955 956 15
208 957 15
208 958 15
208 959 15
957 958 15
957 959 15
958 959 15
960 961 15
960 962 15
961 962 15
963 964 15
963 965 15
964 965 15
966 967 15
966 968 15
967 968 15
969 970 15
969 971 15
969 208 15
969 209 15
970 971 15
970 208 15
970 209 15
971 208 15
971 209 15
208 209 15
972 973 15
972 974 15
973 974 15
975 976 15
975 977 15
976 977 15
978 979 15
978 980 15
978 981 15
979 980 15
979 981 15
980 981 15
982 983 15
982 984 15
982 276 15
983 984 15
983 276 15
984 276 15
985 986 15
985 987 15
986 987 15
988 989 15
990 991 15
992 993 15
992 994 15
993 994 15
995 996 15
995 997 15
996 997 15
998 999 15
1000 1001 15
1000 106 15
1001 106 15
1002 109 15
1002 1003 15
109 1003 15
1004 867 15
1004 1005 15
1004 1006 15
867 1005 15
867 1006 15
1005 1006 15
1008 1009 15
1010 1011 15
1012 1013 15
1014 1015 15
1014 1016 15
1014 1017 15
1015 1016 15
1015 1017 15
1016 1017 15
1018 1019 15
1018 1020 15
1019 1020 15
497 1021 15
497 1022 15
497 293 15
497 296 15
1021 1022 15
1021 293 15
1021 296 15
1022 293 15
1022 296 15
293 296 15
1023 1024 15
1023 1025 15
1024 1025 15
1026 74 15
1027 1028 15
1029 1030 15
1029 1031 15
1030 1031 15
1033 1034 15
1033 1035 15
1034 1035 15
1036 1037 15
1036 993 15
1037 993 15
1038 1039 15
1041 1042 15
1041 1043 15
1042 1043 15
1044 1045 15
1044 1046 15
1045 1046 15
1047 1048 15
1047 1049 15
1048 1049 15
1050 1051 15
1052 1053 15
1054 1055 15
1056 1057 15
1058 1059 15
1058 1060 15
1059 1060 15
1061 930 15
1061 868 15
1061 869 15
1061 1062 15
930 868 15
930 869 15
930 1062 15
868 869 15
868 1062 15
869 1062 15
1045 1063 15
1045 1038 15
1045 1039 15
1063 1038 15
1063 1039 15
1038 1039 15
1064 1065 15
1064 1066 15
1065 1066 15
1067 1068 15
1069 1070 15
1069 1071 15
1069 1072 15
1069 1073 15
1069 1074 15
1070 1071 15
1070 1072 15
1070 1073 15
1070 1074 15
1071 1072 15
1071 1073 15
1071 1074 15
1072 1073 15
1072 1074 15
1073 1074 15
1075 1076 15
1077 1078 15
1077 877 15
1078 877 15
1079 1080 15
1081 1082 15
1081 1083 15
1082 1083 15
1084 1085 15
1086 1087 15
1086 1088 15
1086 1089 15
1086 1090 15
1087 1088 15
1087 1089 15
1087 1090 15
1088 1089 15
1088 1090 15
1089 1090 15
1091 1092 15
1091 1093 15
1091 1094 15
1092 1093 15
1092 1094 15
1093 1094 15
1095 1096 15
1097 812 15
1097 1098 15
812 1098 15
1099 1100 15
1099 1101 15
1100 1101 15
1103 74 15
1103 1104 15
74 1104 15
1105 1106 15
1105 1107 15
1106 1107 15
1108 1109 15
1108 11 15
1109 11 15
1110 1102 15
1110 1111 15
1102 1111 15
1112 1113 15
1112 1114 15
1112 1115 15
1113 1114 15
1113 1115 15
1114 1115 15
1116 1117 15
1100 1099 15
1118 1119 15
1120 1121 15
1120 1122 15
1121 1122 15
1123 1124 15
1125 1126 15
1125 276 15
1126 276 15
1127 1128 15
1127 1129 15
1127 1130 15
1127 1131 15
1127 1132 15
1127 1133 15
1128 1129 15
1128 1130 15
1128 1131 15
1128 1132 15
1128 1133 15
1129 1130 15
1129 1131 15
1129 1132 15
1129 1133 15
1130 1131 15
1130 1132 15
1130 1133 15
1131 1132 15
1131 1133 15
1132 1133 15
1134 147 15
1135 1136 15
1135 1137 15
1136 1137 15
1138 1139 15
1138 1140 15
1138 1141 15
1139 1140 15
1139 1141 15
1140 1141 15
1142 1143 15
1144 1145 15
1144 1146 15
1144 1147 15
1145 1146 15
1145 1147 15
1146 1147 15
1148 1149 15
1150 1151 15
1150 1152 15
1151 1152 15
938 939 15
1153 1154 15
1153 1155 15
1154 1155 15
1156 1157 15
1156 1158 15
1156 1159 15
1156 1160 15
1157 1158 15
1157 1159 15
1157 1160 15
1158 1159 15
1158 1160 15
1159 1160 15
109 1161 15
109 1162 15
109 1163 15
1161 1162 15
1161 1163 15
1162 1163 15
1164 1165 15
1164 1166 15
1164 1167 15
1165 1166 15
1165 1167 15
1166 1167 15
1168 1169 15
1168 1170 15
1169 1170 15
1171 1172 15
1171 1173 15
1171 1174 15
1172 1173 15
1172 1174 15
1173 1174 15
1175 1176 15
1175 1177 15
1175 1178 15
1175 1179 15
1176 1177 15
1176 1178 15
1176 1179 15
1177 1178 15
1177 1179 15
1178 1179 15
1180 1181 15
1180 1182 15
1181 1182 15
1097 812 15
1183 1184 15
1183 1185 15
1183 1186 15
1183 1187 15
1183 1188 15
1184 1185 15
1184 1186 15
1184 1187 15
1184 1188 15
1185 1186 15
1185 1187 15
1185 1188 15
1186 1187 15
1186 1188 15
1187 1188 15
1189 1190 15
1189 1191 15
1189 1192 15
1190 1191 15
1190 1192 15
1191 1192 15
969 970 15
969 971 15
970 971 15
1193 1194 15
1193 1195 15
1193 127 15
1193 1196 15
1194 1195 15
1194 127 15
1194 1196 15
1195 127 15
1195 1196 15
127 1196 15
1197 1198 15
1197 1162 15
1198 1162 15
1199 1200 15
1199 1201 15
1200 1201 15
1202 1203 15
1202 1204 15
1203 1204 15
1205 1206 15
1028 1027 15
1207 1208 3
1207 1209 3
1207 1210 3
1208 1209 3
1208 1210 3
1209 1210 3
28 29 3
28 30 3
29 30 3
1203 241 3
1203 1204 3
241 1204 3
1212 1213 3
617 549 3
1216 1217 3
1216 1218 3
1217 1218 3
603 604 3
1220 1221 3
1220 1222 3
1221 1222 3
1223 1224 3
1225 1226 3
1227 1228 3
683 1229 3
1230 1231 3
1232 1233 3
1232 1234 3
1232 1235 3
1233 1234 3
1233 1235 3
1234 1235 3
1236 71 3
1236 69 3
71 69 3
1237 1238 3
1237 1239 3
1238 1239 3
1240 1241 3
1240 81 3
1241 81 3
1242 1241 3
1242 1243 3
1242 1244 3
1241 1243 3
1241 1244 3
1243 1244 3
1245 1246 3
1245 552 3
1246 552 3
1247 1248 3
1247 1249 3
1247 1250 3
1248 1249 3
1248 1250 3
1249 1250 3
1251 1252 3
1251 1253 3
1252 1253 3
518 1254 3
518 1255 3
518 1256 3
1254 1255 3
1254 1256 3
1255 1256 3
41 1257 3
1258 1259 3
1260 1261 19
1260 1262 19
1260 1263 19
1261 1262 19
1261 1263 19
1262 1263 19
1264 1265 19
1266 1267 19
1266 1268 19
1266 1269 19
1267 1268 19
1267 1269 19
1268 1269 19
1270 1271 19
1270 1272 19
1270 1273 19
1270 1274 19
1270 1275 19
1271 1272 19
1271 1273 19
1271 1274 19
1271 1275 19
1272 1273 19
1272 1274 19
1272 1275 19
1273 1274 19
1273 1275 19
1274 1275 19
1276 1210 19
1276 1277 19
1210 1277 19
1278 1279 19
1280 1281 19
1280 1282 19
1281 1282 19
1284 1285 19
1284 1286 19
1285 1286 19
1287 1288 19
1287 1289 19
1288 1289 19
1290 1291 19
1293 1294 19
1293 1295 19
1293 1296 19
1294 1295 19
1294 1296 19
1295 1296 19
1297 1298 19
1297 1299 19
1297 1296 19
1298 1299 19
1298 1296 19
1299 1296 19
1300 1301 19
1300 1302 19
1301 1302 19
1303 1304 19
1303 1305 19
1303 1306 19
1304 1305 19
1304 1306 19
1305 1306 19
1308 1309 19
1310 1311 19
1280 1312 19
1280 1268 19
1280 1269 19
1312 1268 19
1312 1269 19
1268 1269 19
1297 1299 19
1297 1313 19
1299 1313 19
1314 1315 19
1316 1317 19
1318 1290 19
1318 1291 19
1290 1291 19
1319 1320 19
1321 1312 19
1310 1230 19
1310 1322 19
1310 1284 19
1310 1323 19
1230 1322 19
1230 1284 19
1230 1323 19
1322 1284 19
1322 1323 19
1284 1323 19
1324 1325 19
1326 1327 19
1314 1328 19
1314 1310 19
1314 1329 19
1314 1330 19
1328 1310 19
1328 1329 19
1328 1330 19
1310 1329 19
1310 1330 19
1329 1330 19
1328 1310 19
1328 1331 19
1310 1331 19
1332 1291 19
1333 1334 19
1337 1228 19
1337 1338 19
1228 1338 19
1339 1340 19
1339 1341 19
1340 1341 19
1342 1343 19
1342 1344 19
1343 1344 19
1345 1327 19
1346 1347 19
1348 1349 19
1352 1353 19
1316 1354 19
1316 1338 19
1354 1338 19
1357 1358 19
1359 1360 19
1361 1344 19
1361 1362 19
1344 1362 19
1363 1364 19
1365 1366 19
1365 1367 19
1365 1368 19
1365 1282 19
1365 1369 19
1365 1370 19
1366 1367 19
1366 1368 19
1366 1282 19
1366 1369 19
1366 1370 19
1367 1368 19
1367 1282 19
1367 1369 19
1367 1370 19
1368 1282 19
1368 1369 19
1368 1370 19
1282 1369 19
1282 1370 19
1369 1370 19
1371 1334 19
1372 1373 19
1372 1374 19
1373 1374 19
1343 1376 19
1377 1378 19
1377 1379 19
1377 1380 19
1378 1379 19
1378 1380 19
1379 1380 19
1381 1382 19
1381 1383 19
1381 1384 19
1382 1383 19
1382 1384 19
1383 1384 19
1386 1387 19
1386 1388 19
1387 1388 19
1389 1360 19
1389 1295 19
1389 1390 19
1389 1336 19
1360 1295 19
1360 1390 19
1360 1336 19
1295 1390 19
1295 1336 19
1390 1336 19
1391 286 19
1392 1393 19
1394 1395 19
1394 1396 19
1394 1397 19
1395 1396 19
1395 1397 19
1396 1397 19
1399 1400 19
1401 1402 19
1403 1404 19
1403 1405 19
1404 1405 19
1406 1407 19
1406 1408 19
1406 1409 19
1406 1410 19
1407 1408 19
1407 1409 19
1407 1410 19
1408 1409 19
1408 1410 19
1409 1410 19
1378 1343 19
1411 1412 19
1413 1414 19
1260 1415 19
1260 1262 19
1415 1262 19
1416 1417 19
1418 1419 19
1418 1368 19
1419 1368 19
1212 1319 19
1212 1298 19
1212 1292 19
1319 1298 19
1319 1292 19
1298 1292 19
1420 1421 19
1299 1387 20
1427 1428 20
1429 1430 20
1429 1431 20
1430 1431 20
1343 1433 20
1434 1435 20
1314 1436 20
1437 1438 20
1437 1439 20
1437 1401 20
1438 1439 20
1438 1401 20
1439 1401 20
1440 1441 20
1440 1442 20
1440 1443 20
1441 1442 20
1441 1443 20
1442 1443 20
1444 1445 20
1446 1447 20
1446 1448 20
1446 1449 20
1446 1450 20
1447 1448 20
1447 1449 20
1447 1450 20
1448 1449 20
1448 1450 20
1449 1450 20
1451 1452 20
1230 1322 20
1230 1284 20
1322 1284 20
1453 1454 20
1404 1405 20
1455 1456 20
1455 1337 20
1455 1320 20
1455 1282 20
1456 1337 20
1456 1320 20
1456 1282 20
1337 1320 20
1337 1282 20
1320 1282 20
549 1231 20
1316 1457 20
1458 1395 20
1458 1459 20
1458 1460 20
1395 1459 20
1395 1460 20
1459 1460 20
1378 1461 20
1378 1343 20
1378 1450 20
1378 1462 20
1461 1343 20
1461 1450 20
1461 1462 20
1343 1450 20
1343 1462 20
1450 1462 20
1337 1463 20
1464 1465 20
1466 1467 20
1468 1469 20
1468 1470 20
1469 1470 20
1471 1472 20
1471 1473 20
1472 1473 20
1474 1475 20
1474 1476 20
1475 1476 20
1479 1480 20
1481 1467 20
1361 1482 20
1361 1344 20
1361 1362 20
1482 1344 20
1482 1362 20
1344 1362 20
1484 1485 20
1484 1486 20
1484 1487 20
1485 1486 20
1485 1487 20
1486 1487 20
1319 1320 20
1427 1488 20
969 1489 20
969 1490 20
1489 1490 20
1484 1321 20
1484 1491 20
1321 1491 20
1319 1492 20
1493 1494 20
1381 1383 20
1495 1496 20
1495 1497 20
1496 1497 20
1498 1499 20
1498 1500 20
1498 1347 20
1499 1500 20
1499 1347 20
1500 1347 20
1501 1502 20
1501 1503 20
1501 1504 20
1502 1503 20
1502 1504 20
1503 1504 20
1491 1461 20
1505 1506 20
1361 1482 20
1361 1344 20
1482 1344 20
1507 1508 20
1507 723 20
1508 723 20
1509 1393 20
1509 1510 20
1393 1510 20
1511 1512 20
1511 1513 20
1511 1514 20
1512 1513 20
1512 1514 20
1513 1514 20
1515 1366 20
1515 1512 20
1515 1368 20
1515 1513 20
1515 1369 20
1515 1516 20
1366 1512 20
1366 1368 20
1366 1513 20
1366 1369 20
1366 1516 20
1512 1368 20
1512 1513 20
1512 1369 20
1512 1516 20
1368 1513 20
1368 1369 20
1368 1516 20
1513 1369 20
1513 1516 20
1369 1516 20
1517 1518 20
1519 1520 20
1359 549 20
1359 1231 20
549 1231 20
1521 1522 20
1245 1299 20
1245 1313 20
1299 1313 20
1523 1524 20
1525 1526 20
1527 1528 20
1527 1529 20
1527 1530 20
1527 1531 20
1528 1529 20
1528 1530 20
1528 1531 20
1529 1530 20
1529 1531 20
1530 1531 20
1532 1507 20
1533 1534 20
1533 1535 20
1534 1535 20
1519 1536 20
1519 1362 20
1519 1305 20
1536 1362 20
1536 1305 20
1362 1305 20
1537 1538 20
1537 1539 20
1538 1539 20
1540 1541 20
1540 1542 20
1541 1542 20
1543 1398 20
1543 1544 20
1543 1545 20
1398 1544 20
1398 1545 20
1544 1545 20
1457 1547 20
1548 1549 20
1550 243 20
1550 1551 20
1550 1552 20
243 1551 20
243 1552 20
1551 1552 20
1553 1554 20
1553 1555 20
1554 1555 20
1556 1425 20
1557 1558 20
1557 1559 20
1558 1559 20
549 529 20
549 1561 20
529 1561 20
1558 1564 20
1558 1565 20
1564 1565 20
1566 1567 20
1566 1568 20
1567 1568 20
1569 1523 20
1451 1570 20
1451 1571 20
1451 1452 20
1570 1571 20
1570 1452 20
1571 1452 20
1573 1574 20
1575 1438 20
1575 1576 20
1575 1571 20
1575 1577 20
1575 1578 20
1575 1579 20
1575 1580 20
1438 1576 20
1438 1571 20
1438 1577 20
1438 1578 20
1438 1579 20
1438 1580 20
1576 1571 20
1576 1577 20
1576 1578 20
1576 1579 20
1576 1580 20
1571 1577 20
1571 1578 20
1571 1579 20
1571 1580 20
1577 1578 20
1577 1579 20
1577 1580 20
1578 1579 20
1578 1580 20
1579 1580 20
1581 1582 20
1583 1584 20
1585 1317 20
1585 1586 20
1317 1586 20
1587 1588 20
1587 1574 20
1588 1574 20
1466 1337 20
1466 1513 20
1466 1422 20
1466 1590 20
1337 1513 20
1337 1422 20
1337 1590 20
1513 1422 20
1513 1590 20
1422 1590 20
1591 1592 20
1321 1593 20
1321 1594 20
1321 1595 20
1593 1594 20
1593 1595 20
1594 1595 20
1597 1598 20
1600 1601 20
1600 1393 20
1601 1393 20
1604 1605 20
1604 1562 20
1605 1562 20
1606 1505 20
1607 1608 20
1420 1421 20
1391 1610 20
1611 1417 20
1612 1305 18
1353 1613 18
1614 1615 18
1614 1616 18
1615 1616 18
1617 1618 18
1619 1620 18
1619 1344 18
1619 1362 18
1620 1344 18
1620 1362 18
1344 1362 18
1621 1622 18
1326 1384 18
1326 1327 18
1384 1327 18
1276 1319 18
1276 1624 18
1319 1624 18
1626 1209 18
1626 1627 18
1626 1542 18
1209 1627 18
1209 1542 18
1627 1542 18
1363 1292 18
1628 1629 18
1628 1597 18
1629 1597 18
1630 1280 18
1617 1618 18
1631 1632 18
1631 1633 18
1632 1633 18
1337 1343 18
1337 1376 18
1343 1376 18
1634 1635 18
1636 1632 18
1636 1637 18
1632 1637 18
1632 1638 18
1639 1640 18
1639 1641 18
1640 1641 18
1642 1643 18
1642 1644 18
1642 1645 18
1642 1646 18
1643 1644 18
1643 1645 18
1643 1646 18
1644 1645 18
1644 1646 18
1645 1646 18
1647 1648 18
1647 1649 18
1648 1649 18
1320 1650 18
1651 1652 18
1653 1654 18
1653 1655 18
1654 1655 18
1656 1657 18
1658 1659 18
1658 1660 18
1658 1368 18
1658 1641 18
1659 1660 18
1659 1368 18
1659 1641 18
1660 1368 18
1660 1641 18
1368 1641 18
1661 1562 18
1662 1663 18
1318 1664 18
1318 1623 18
1664 1623 18
1665 1536 18
1665 1666 18
1536 1666 18
1667 1623 18
1668 1420 18
1668 1421 18
1668 1669 18
1668 1670 18
1668 1671 18
1668 1672 18
1668 1673 18
1420 1421 18
1420 1669 18
1420 1670 18
1420 1671 18
1420 1672 18
1420 1673 18
1421 1669 18
1421 1670 18
1421 1671 18
1421 1672 18
1421 1673 18
1669 1670 18
1669 1671 18
1669 1672 18
1669 1673 18
1670 1671 18
1670 1672 18
1670 1673 18
1671 1672 18
1671 1673 18
1672 1673 18
1275 1674 18
1355 1675 18
1676 1375 18
1676 1268 18
1375 1268 18
1348 1349 18
1532 1677 18
1678 1276 18
1337 1228 18
1337 1612 18
1337 1338 18
1228 1612 18
1228 1338 18
1612 1338 18
1284 1457 18
1284 1679 18
1284 1547 18
1457 1679 18
1457 1547 18
1679 1547 18
1680 1449 18
1680 1410 18
1449 1410 18
1681 1682 18
1681 1683 18
1682 1683 18
1515 1684 18
1685 1434 18
1686 1687 18
1686 1367 18
1687 1367 18
1688 1318 18
1688 1290 18
1688 1291 18
1318 1290 18
1318 1291 18
1290 1291 18
1550 1689 18
1550 1690 18
1550 1691 18
1550 1331 18
1550 1692 18
1689 1690 18
1689 1691 18
1689 1331 18
1689 1692 18
1690 1691 18
1690 1331 18
1690 1692 18
1691 1331 18
1691 1692 18
1331 1692 18
1693 1694 18
1695 1696 18
1695 1241 18
1696 1241 18
1698 1664 18
1698 1699 18
1664 1699 18
1700 1590 18
1700 1701 18
1590 1701 18
1702 1703 18
1702 1704 18
1703 1704 18
1705 1706 18
1707 1708 18
1707 1709 18
1708 1709 18
566 1710 14
566 565 14
1710 565 14
1711 1712 14
1711 1713 14
1712 1713 14
1714 1715 14
950 1716 14
868 869 14
868 1062 14
869 1062 14
1717 1718 14
1717 1719 14
1718 1719 14
1720 1721 14
1720 1722 14
1720 1723 14
1720 1724 14
1720 1140 14
1720 1141 14
1721 1722 14
1721 1723 14
1721 1724 14
1721 1140 14
1721 1141 14
1722 1723 14
1722 1724 14
1722 1140 14
1722 1141 14
1723 1724 14
1723 1140 14
1723 1141 14
1724 1140 14
1724 1141 14
1140 1141 14
1725 769 14
1725 497 14
769 497 14
1726 1080 14
83 656 14
83 76 14
656 76 14
1727 1728 14
1729 849 14
879 73 14
879 276 14
73 276 14
1730 1731 14
1730 1732 14
1731 1732 14
1733 924 14
1733 1068 14
1733 1734 14
924 1068 14
924 1734 14
1068 1734 14
1735 1736 14
1735 1737 14
1736 1737 14
1738 1739 14
1738 1740 14
1738 706 14
1738 1741 14
1739 1740 14
1739 706 14
1739 1741 14
1740 706 14
1740 1741 14
706 1741 14
1742 1743 14
1742 1744 14
1743 1744 14
995 996 14
995 1745 14
995 1746 14
996 1745 14
996 1746 14
1745 1746 14
1747 1748 14
1749 1750 14
1749 1751 14
1749 1752 14
1750 1751 14
1750 1752 14
1751 1752 14
1753 1754 14
1753 1755 14
1754 1755 14
1756 1757 14
1756 1758 14
1757 1758 14
1759 1760 14
1761 1762 14
1761 1763 14
1761 1764 14
1761 1765 14
1761 911 14
1761 1058 14
1761 1766 14
1762 1763 14
1762 1764 14
1762 1765 14
1762 911 14
1762 1058 14
1762 1766 14
1763 1764 14
1763 1765 14
1763 911 14
1763 1058 14
1763 1766 14
1764 1765 14
1764 911 14
1764 1058 14
1764 1766 14
1765 911 14
1765 1058 14
1765 1766 14
911 1058 14
911 1766 14
1058 1766 14
1767 497 14
1767 769 14
497 769 14
1768 1769 14
1768 1770 14
1769 1770 14
1771 1772 14
1773 516 14
1774 1775 14
1774 1776 14
1775 1776 14
293 295 14
293 296 14
293 276 14
295 296 14
295 276 14
296 276 14
1777 1778 14
1777 1779 14
1778 1779 14
1780 888 14
1780 890 14
888 890 14
1781 1782 14
1781 106 14
1781 1783 14
1781 1784 14
1781 1785 14
1782 106 14
1782 1783 14
1782 1784 14
1782 1785 14
106 1783 14
106 1784 14
106 1785 14
1783 1784 14
1783 1785 14
1784 1785 14
1786 1787 14
1786 1788 14
1786 73 14
1786 1239 14
1787 1788 14
1787 73 14
1787 1239 14
1788 73 14
1788 1239 14
73 1239 14
1695 1789 14
1695 1305 14
1789 1305 14
1790 736 14
1791 1057 14
1792 854 14
1792 1793 14
1792 788 14
854 1793 14
854 788 14
1793 788 14
1794 1795 14
1794 1796 14
1795 1796 14
1797 1798 14
1799 1800 14
1799 1801 14
1799 1802 14
1800 1801 14
1800 1802 14
1801 1802 14
1803 992 14
1803 1804 14
992 1804 14
1239 683 14
1805 1806 14
1805 1807 14
1806 1807 14
880 882 14
880 1808 14
880 1809 14
880 1810 14
880 1811 14
882 1808 14
882 1809 14
882 1810 14
882 1811 14
1808 1809 14
1808 1810 14
1808 1811 14
1809 1810 14
1809 1811 14
1810 1811 14
294 1812 14
294 1813 14
294 911 14
294 1814 14
1812 1813 14
1812 911 14
1812 1814 14
1813 911 14
1813 1814 14
911 1814 14
1815 1816 14
1815 1817 14
1816 1817 14
1818 1819 14
1818 1820 14
1819 1820 14
1821 1822 14
1821 1823 14
1822 1823 14
550 650 14
1824 1825 14
1826 1827 14
1828 1829 14
1830 1831 14
1830 1832 14
1831 1832 14
106 274 14
106 496 14
274 496 14
684 276 14
684 497 14
276 497 14
1833 127 14
1833 1834 14
1833 203 14
127 1834 14
127 203 14
1834 203 14
1835 788 14
1836 1837 14
1838 1839 14
1838 1840 14
1839 1840 14
1841 1842 14
1841 296 14
1842 296 14
1843 1844 14
657 1845 14
657 656 14
657 940 14
1845 656 14
1845 940 14
656 940 14
1847 1239 14
1847 1848 14
1847 1849 14
1239 1848 14
1239 1849 14
1848 1849 14
1850 1851 14
1852 1078 14
1852 877 14
1852 1853 14
1852 1854 14
1078 877 14
1078 1853 14
1078 1854 14
877 1853 14
877 1854 14
1853 1854 14
1855 1856 14
1857 1858 14
1859 1860 14
1859 1861 14
1860 1861 14
1862 231 14
888 1863 14
888 1864 14
1863 1864 14
996 1865 14
996 1866 14
1865 1866 14
1126 276 14
1867 1868 14
1867 1869 14
1868 1869 14
1871 1872 14
1871 1873 14
1871 1874 14
1872 1873 14
1872 1874 14
1873 1874 14
1877 1878 14
1877 1879 14
1877 1880 14
1878 1879 14
1878 1880 14
1879 1880 14
1881 1882 14
1881 1883 14
1882 1883 14
1885 1886 14
1887 1888 14
1887 1889 14
1888 1889 14
1890 1891 14
1890 1892 14
1890 1893 14
1890 1894 14
1891 1892 14
1891 1893 14
1891 1894 14
1892 1893 14
1892 1894 14
1893 1894 14
1719 1895 14
264 215 14
264 1896 14
215 1896 14
1897 1898 14
1897 1899 14
1897 1900 14
1898 1899 14
1898 1900 14
1899 1900 14
1239 1901 14
1902 1903 14
1902 1904 14
1902 1905 14
1903 1904 14
1903 1905 14
1904 1905 14
1906 1907 14
1906 1908 14
1906 1909 14
1906 259 14
1907 1908 14
1907 1909 14
1907 259 14
1908 1909 14
1908 259 14
1909 259 14
1910 940 14
1910 1911 14
940 1911 14
924 1912 14
924 1913 14
1912 1913 14
1914 1915 12
1914 1916 12
1914 1917 12
1914 1918 12
1914 1919 12
1914 1920 12
1914 1921 12
1914 1922 12
1915 1916 12
1915 1917 12
1915 1918 12
1915 1919 12
1915 1920 12
1915 1921 12
1915 1922 12
1916 1917 12
1916 1918 12
1916 1919 12
1916 1920 12
1916 1921 12
1916 1922 12
1917 1918 12
1917 1919 12
1917 1920 12
1917 1921 12
1917 1922 12
1918 1919 12
1918 1920 12
1918 1921 12
1918 1922 12
1919 1920 12
1919 1921 12
1919 1922 12
1920 1921 12
1920 1922 12
1921 1922 12
1111 1923 12
1111 1924 12
1111 1925 12
1111 1005 12
1111 1926 12
1111 1927 12
1923 1924 12
1923 1925 12
1923 1005 12
1923 1926 12
1923 1927 12
1924 1925 12
1924 1005 12
1924 1926 12
1924 1927 12
1925 1005 12
1925 1926 12
1925 1927 12
1005 1926 12
1005 1927 12
1926 1927 12
1928 1929 12
1928 1930 12
1928 1931 12
1929 1930 12
1929 1931 12
1930 1931 12
1932 1933 12
1932 1111 12
1933 1111 12
1934 1935 12
1934 1936 12
1934 1937 12
1934 1938 12
1935 1936 12
1935 1937 12
1935 1938 12
1936 1937 12
1936 1938 12
1937 1938 12
1939 1940 12
1941 1942 12
1943 1944 12
1945 1946 12
1947 1948 12
901 902 12
901 903 12
902 903 12
1949 1950 12
1949 1951 12
1950 1951 12
1952 1953 12
1954 1955 12
1954 1956 12
1954 1957 12
1955 1956 12
1955 1957 12
1956 1957 12
1958 1959 12
1958 1960 12
1959 1960 12
1961 1193 12
1961 1195 12
1961 127 12
1961 1962 12
1961 1196 12
1193 1195 12
1193 127 12
1193 1962 12
1193 1196 12
1195 127 12
1195 1962 12
1195 1196 12
127 1962 12
127 1196 12
1962 1196 12
664 1963 12
664 1964 12
1963 1964 12
1965 1966 12
1967 1968 12
1967 1969 12
1968 1969 12
1971 1972 12
1971 1973 12
1972 1973 12
1974 1975 12
1977 1978 12
1977 1979 12
1978 1979 12
1980 891 12
1953 1981 12
1953 1982 12
1953 1983 12
1953 1984 12
1981 1982 12
1981 1983 12
1981 1984 12
1982 1983 12
1982 1984 12
1983 1984 12
1985 1986 12
1987 1988 12
1987 1989 12
1988 1989 12
1990 1943 12
1990 1991 12
1943 1991 12
1992 1993 12
1994 212 12
1994 213 12
212 213 12
1995 1996 12
1997 1998 12
1976 1999 12
2000 2001 12
2002 2003 12
2002 2004 12
2002 2005 12
2003 2004 12
2003 2005 12
2004 2005 12
2007 1957 12
2007 2008 12
2007 2009 12
1957 2008 12
1957 2009 12
2008 2009 12
2010 1979 12
495 2011 12
495 2012 12
495 2013 12
495 493 12
495 492 12
495 494 12
2011 2012 12
2011 2013 12
2011 493 12
2011 492 12
2011 494 12
2012 2013 12
2012 493 12
2012 492 12
2012 494 12
2013 493 12
2013 492 12
2013 494 12
493 492 12
493 494 12
492 494 12
1997 2014 12
1997 2015 12
2014 2015 12
2016 2017 12
2019 2020 12
2022 2018 12
2023 2024 12
2023 2025 12
2024 2025 12
2026 2027 12
2026 2028 12
2026 2029 12
2026 2030 12
2027 2028 12
2027 2029 12
2027 2030 12
2028 2029 12
2028 2030 12
2029 2030 12
2031 2032 12
2031 2033 12
2031 2034 12
2032 2033 12
2032 2034 12
2033 2034 12
2035 2036 12
2035 2037 12
2036 2037 12
2038 2039 12
2041 210 12
2042 2043 12
2044 1193 12
2044 1195 12
2044 1196 12
2044 2045 12
2044 2046 12
1193 1195 12
1193 1196 12
1193 2045 12
1193 2046 12
1195 1196 12
1195 2045 12
1195 2046 12
1196 2045 12
1196 2046 12
2045 2046 12
2047 2048 12
2050 936 12
2051 2052 12
2051 2053 12
2051 210 12
2052 2053 12
2052 210 12
2053 210 12
2023 2054 12
2056 2057 12
2058 2059 12
2058 2060 12
2059 2060 12
2061 241 12
2061 2062 12
241 2062 12
2063 2064 12
2063 2065 12
2064 2065 12
1982 2066 12
2067 2068 12
2067 1979 12
2068 1979 12
2069 2070 12
2069 2064 12
2069 2071 12
2070 2064 12
2070 2071 12
2064 2071 12
901 903 12
901 1044 12
903 1044 12
2072 2073 12
2074 1953 12
2077 2078 12
2077 2079 12
2077 2080 12
2077 2081 12
2077 2082 12
2077 2083 12
2077 2084 12
2078 2079 12
2078 2080 12
2078 2081 12
2078 2082 12
2078 2083 12
2078 2084 12
2079 2080 12
2079 2081 12
2079 2082 12
2079 2083 12
2079 2084 12
2080 2081 12
2080 2082 12
2080 2083 12
2080 2084 12
2081 2082 12
2081 2083 12
2081 2084 12
2082 2083 12
2082 2084 12
2083 2084 12
2086 2087 12
2086 2088 12
2086 2089 12
2086 2090 12
2086 2091 12
2087 2088 12
2087 2089 12
2087 2090 12
2087 2091 12
2088 2089 12
2088 2090 12
2088 2091 12
2089 2090 12
2089 2091 12
2090 2091 12
2092 2093 12
2092 2094 12
2093 2094 12
2095 1960 12
2096 2097 12
2098 2099 12
2100 1690 12
2101 2102 12
2103 2104 12
2105 2106 12
1925 1110 12
1925 1111 12
1925 2097 12
1110 1111 12
1110 2097 12
1111 2097 12
2107 2108 12
2109 2110 12
2109 2111 12
2109 2112 12
2109 2113 12
2110 2111 12
2110 2112 12
2110 2113 12
2111 2112 12
2111 2113 12
2112 2113 12
1996 1995 12
1996 2114 12
1995 2114 12
2115 2116 12
2117 2064 12
2118 2119 12
2118 2120 12
2118 2121 12
2118 2020 12
2119 2120 12
2119 2121 12
2119 2020 12
2120 2121 12
2120 2020 12
2121 2020 12
2122 2123 12
2122 2124 12
2122 2125 12
2122 2126 12
2122 2127 12
2122 2128 12
2122 2129 12
2122 2130 12
2123 2124 12
2123 2125 12
2123 2126 12
2123 2127 12
2123 2128 12
2123 2129 12
2123 2130 12
2124 2125 12
2124 2126 12
2124 2127 12
2124 2128 12
2124 2129 12
2124 2130 12
2125 2126 12
2125 2127 12
2125 2128 12
2125 2129 12
2125 2130 12
2126 2127 12
2126 2128 12
2126 2129 12
2126 2130 12
2127 2128 12
2127 2129 12
2127 2130 12
2128 2129 12
2128 2130 12
2129 2130 12
1950 2131 12
2132 2076 12
2132 1986 12
2076 1986 12
1195 2133 12
1195 2134 12
1195 2135 12
1195 1196 12
2133 2134 12
2133 2135 12
2133 1196 12
2134 2135 12
2134 1196 12
2135 1196 12
1960 1881 12
1960 2136 12
1881 2136 12
2137 1953 12
2137 1982 12
2137 1984 12
2137 2138 12
1953 1982 12
1953 1984 12
1953 2138 12
1982 1984 12
1982 2138 12
1984 2138 12
1997 2015 12
2140 1986 12
2141 2142 12
2141 1987 12
2142 1987 12
2143 2144 12
2145 2146 12
2147 2148 12
2147 2149 12
2148 2149 12
2150 2151 12
2150 813 12
2151 813 12
2152 497 16
2152 74 16
2152 2153 16
497 74 16
497 2153 16
74 2153 16
2154 2155 16
2156 127 16
2156 1797 16
127 1797 16
2157 2158 16
2157 11 16
2158 11 16
2159 981 16
2159 2160 16
981 2160 16
2161 106 16
2161 1783 16
106 1783 16
1758 1756 16
1730 1731 16
1730 1732 16
1731 1732 16
2163 2164 16
2163 1807 16
2164 1807 16
2165 2166 16
2165 2167 16
2166 2167 16
2168 1068 16
1771 1772 16
293 187 16
2170 2171 16
2170 2172 16
2171 2172 16
811 812 16
2173 2174 16
990 991 16
990 2175 16
990 2176 16
991 2175 16
991 2176 16
2175 2176 16
2165 2177 16
1826 1827 16
2179 276 16
106 107 16
106 1001 16
106 203 16
107 1001 16
107 203 16
1001 203 16
73 74 16
73 296 16
74 296 16
2180 882 16
2180 2181 16
2180 2182 16
882 2181 16
882 2182 16
2181 2182 16
2183 2184 16
2185 2186 16
2187 2188 16
2187 1014 16
2188 1014 16
1102 788 16
2189 2190 16
2189 2191 16
2189 2192 16
2190 2191 16
2190 2192 16
2191 2192 16
2193 2194 16
2195 2196 16
2195 2197 16
2195 23 16
2196 2197 16
2196 23 16
2197 23 16
2178 2198 16
2178 2199 16
2178 2200 16
2198 2199 16
2198 2200 16
2199 2200 16
1087 2201 16
1087 1089 16
1087 1090 16
2201 1089 16
2201 1090 16
1089 1090 16
874 2202 16
874 877 16
874 2203 16
874 2204 16
2202 877 16
2202 2203 16
2202 2204 16
877 2203 16
877 2204 16
2203 2204 16
2205 2206 16
2205 2207 16
2205 2208 16
2205 2209 16
2205 2210 16
2205 2211 16
2205 882 16
2205 2212 16
2205 2213 16
2205 2214 16
2205 2215 16
2206 2207 16
2206 2208 16
2206 2209 16
2206 2210 16
2206 2211 16
2206 882 16
2206 2212 16
2206 2213 16
2206 2214 16
2206 2215 16
2207 2208 16
2207 2209 16
2207 2210 16
2207 2211 16
2207 882 16
2207 2212 16
2207 2213 16
2207 2214 16
2207 2215 16
2208 2209 16
2208 2210 16
2208 2211 16
2208 882 16
2208 2212 16
2208 2213 16
2208 2214 16
2208 2215 16
2209 2210 16
2209 2211 16
2209 882 16
2209 2212 16
2209 2213 16
2209 2214 16
2209 2215 16
2210 2211 16
2210 882 16
2210 2212 16
2210 2213 16
2210 2214 16
2210 2215 16
2211 882 16
2211 2212 16
2211 2213 16
2211 2214 16
2211 2215 16
882 2212 16
882 2213 16
882 2214 16
882 2215 16
2212 2213 16
2212 2214 16
2212 2215 16
2213 2214 16
2213 2215 16
2214 2215 16
2202 1852 16
2202 877 16
1852 877 16
1053 2216 16
1053 2217 16
1053 2097 16
1053 2218 16
2216 2217 16
2216 2097 16
2216 2218 16
2217 2097 16
2217 2218 16
2097 2218 16
2219 2220 16
2219 2221 16
2219 2222 16
2220 2221 16
2220 2222 16
2221 2222 16
1126 276 16
1126 2223 16
276 2223 16
2224 2225 9
1748 2226 9
2227 2228 9
2230 2231 9
2230 2232 9
2231 2232 9
2233 2234 9
2235 2236 9
2235 1550 9
2236 1550 9
2237 2238 9
2237 2100 9
2237 1690 9
2238 2100 9
2238 1690 9
2100 1690 9
2239 2240 9
2241 1996 9
2242 2243 9
2242 1024 9
2243 1024 9
2244 2245 9
2244 1702 9
2245 1702 9
2246 2247 9
2248 2249 9
2250 2251 9
2252 2253 9
2254 936 9
2255 2256 9
2255 2257 9
2255 2258 9
2255 2259 9
2256 2257 9
2256 2258 9
2256 2259 9
2257 2258 9
2257 2259 9
2258 2259 9
2260 2261 9
2260 2262 9
2261 2262 9
2263 2264 9
2265 2266 9
176 2267 9
176 2268 9
2267 2268 9
2270 2271 9
2270 2272 9
2271 2272 9
2273 2274 9
2273 1541 9
2274 1541 9
2074 2275 9
2276 2277 9
2276 2278 9
2276 2279 9
2277 2278 9
2277 2279 9
2278 2279 9
2097 2280 9
2281 2282 9
2283 2284 9
2283 2285 9
2283 2226 9
2284 2285 9
2284 2226 9
2285 2226 9
2287 2288 9
2290 812 9
2290 856 9
2290 2291 9
812 856 9
812 2291 9
856 2291 9
812 2290 9
2238 2237 9
2238 2292 9
2238 1690 9
2237 2292 9
2237 1690 9
2292 1690 9
2293 2294 9
2295 2296 9
2295 2018 9
2296 2018 9
1102 1004 9
1102 1006 9
1102 867 9
1004 1006 9
1004 867 9
1006 867 9
2297 2298 9
2297 2299 9
2298 2299 9
2302 2303 9
1873 2304 9
1873 1871 9
2304 1871 9
2305 2306 9
2307 2308 9
2307 2136 9
2308 2136 9
2309 2310 9
2311 2312 9
2311 1846 9
2312 1846 9
2313 2314 9
1162 2315 9
2317 2318 9
2319 2320 9
1797 1798 9
2321 2322 9
2321 2323 9
2321 2324 9
2322 2323 9
2322 2324 9
2323 2324 9
2325 2326 9
900 2328 9
900 899 9
2328 899 9
2329 2330 9
2331 2225 9
2331 2332 9
2225 2332 9
2269 2333 9
2248 2249 9
2334 2335 9
2334 1885 9
2334 2336 9
2335 1885 9
2335 2336 9
1885 2336 9
2337 2338 9
2337 2339 9
2338 2339 9
2340 2341 9
2342 2251 9
2343 858 9
2293 2294 9
2344 2345 9
2344 2308 9
2345 2308 9
2346 2347 9
2346 2348 9
2347 2348 9
2349 2350 9
2351 2352 9
2274 2353 9
2274 2354 9
2353 2354 9
2355 2133 9
2355 1195 9
2355 1196 9
2133 1195 9
2133 1196 9
1195 1196 9
2356 2357 9
2358 1122 9
2359 2360 9
2359 2361 9
2359 2362 9
2360 2361 9
2360 2362 9
2361 2362 9
2169 2363 9
2364 996 9
2365 2366 9
2365 836 9
2365 2367 9
2366 836 9
2366 2367 9
836 2367 9
2368 2369 9
2370 262 9
996 995 9
996 1746 9
995 1746 9
891 888 9
2371 2372 9
2373 2374 9
2373 2375 9
2374 2375 9
2376 259 9
2377 2336 9
2377 2378 9
2336 2378 9
2379 2310 9
805 806 9
805 807 9
805 2380 9
806 807 9
806 2380 9
807 2380 9
2381 2318 9
2382 2383 9
2382 1111 9
2383 1111 9
1995 2275 9
1995 1996 9
1995 2384 9
2275 1996 9
2275 2384 9
1996 2384 9
2386 836 9
2387 2388 9
2390 1138 9
2390 1140 9
2390 1141 9
1138 1140 9
1138 1141 9
1140 1141 9
2391 2392 9
1097 812 9
1097 2393 9
1097 1098 9
812 2393 9
812 1098 9
2393 1098 9
2394 2092 9
2394 1953 9
2092 1953 9
2340 2341 9
2395 2274 9
2395 2396 9
2274 2396 9
2398 833 9
2275 2400 9
2275 1995 9
2275 2384 9
2400 1995 9
2400 2384 9
1995 2384 9
2401 2402 9
2403 787 9
2403 788 9
787 788 9
2344 2345 9
2404 2405 9
2406 2407 9
860 861 21
860 2409 21
861 2409 21
2410 2411 21
2321 2324 21
2412 2396 21
2413 2414 21
2415 1291 21
2274 2416 21
2417 1664 21
2419 2420 21
2419 2421 21
2420 2421 21
2422 2415 21
2422 1291 21
2415 1291 21
1550 1024 21
2423 836 21
2426 866 21
2426 2427 21
866 2427 21
835 829 21
835 836 21
829 836 21
2430 2431 21
2430 2432 21
2431 2432 21
2433 2434 21
2408 2435 21
2436 1291 21
2274 2437 21
2438 2439 21
2438 2440 21
2439 2440 21
2441 2260 21
2441 2442 21
2260 2442 21
2443 2444 21
2273 1541 21
2446 2447 21
2225 2398 21
2448 2449 21
2425 2450 21
2425 2451 21
2450 2451 21
2452 2333 21
1550 2436 21
1550 2249 21
1550 2389 21
2436 2249 21
2436 2389 21
2249 2389 21
2453 2454 21
2453 2455 21
2454 2455 21
2456 2457 21
2456 2458 21
2457 2458 21
2459 2460 21
2459 2461 21
2460 2461 21
2463 2464 21
2463 2444 21
2464 2444 21
2465 2251 21
2465 2466 21
2251 2466 21
2467 2468 21
2467 2469 21
2468 2469 21
2470 1702 21
2470 2471 21
2470 1704 21
1702 2471 21
1702 1704 21
2471 1704 21
2472 2473 21
2474 2411 21
2475 2456 21
2475 2476 21
2475 2477 21
2475 2478 21
2456 2476 21
2456 2477 21
2456 2478 21
2476 2477 21
2476 2478 21
2477 2478 21
2475 2479 21
2475 2456 21
2475 2480 21
2475 2481 21
2479 2456 21
2479 2480 21
2479 2481 21
2456 2480 21
2456 2481 21
2480 2481 21
833 2398 21
2349 2483 21
2269 2484 21
1332 1618 21
244 242 6
244 544 6
242 544 6
2485 66 6
2485 65 6
66 65 6
503 2486 6
503 37 6
2486 37 6
601 2487 6
601 604 6
2487 604 6
1247 1248 6
1247 1250 6
1248 1250 6
1245 1246 6
1245 42 6
1245 552 6
1246 42 6
1246 552 6
42 552 6
2489 2490 6
1123 2491 6
1123 2492 6
2491 2492 6
104 2494 6
2495 2496 6
2498 2499 6
2498 2500 6
2499 2500 6
2496 1217 6
2501 2502 6
601 603 6
601 604 6
603 604 6
654 655 6
2503 2504 6
2505 691 6
2505 2506 6
2505 71 6
691 2506 6
691 71 6
2506 71 6
261 262 6
261 263 6
262 263 6
2507 2508 6
2507 1705 6
2508 1705 6
1254 288 6
1254 2509 6
288 2509 6
2510 228 6
2511 2512 6
1258 1259 6
2515 2516 17
2518 2519 17
2518 111 17
2518 2520 17
2518 203 17
2519 111 17
2519 2520 17
2519 203 17
111 2520 17
111 203 17
2520 203 17
2521 2522 17
2521 2523 17
2522 2523 17
2524 2525 17
896 897 17
896 2526 17
897 2526 17
2527 2528 17
2527 2529 17
2527 2530 17
2528 2529 17
2528 2530 17
2529 2530 17
2531 2532 17
2531 2533 17
2531 2534 17
2531 2535 17
2532 2533 17
2532 2534 17
2532 2535 17
2533 2534 17
2533 2535 17
2534 2535 17
2536 2537 17
2536 2538 17
2537 2538 17
47 48 17
2539 2540 17
2541 2542 17
2541 2543 17
2542 2543 17
2544 2545 17
2544 2546 17
2544 2547 17
2544 2548 17
2544 2549 17
2545 2546 17
2545 2547 17
2545 2548 17
2545 2549 17
2546 2547 17
2546 2548 17
2546 2549 17
2547 2548 17
2547 2549 17
2548 2549 17
2550 2551 17
2550 2552 17
2551 2552 17
2553 1794 17
2554 2555 17
2554 2556 17
2555 2556 17
939 938 17
2558 1715 17
2559 2560 17
2561 2562 17
2561 2563 17
2561 2564 17
2562 2563 17
2562 2564 17
2563 2564 17
2565 2566 17
2567 2568 17
2567 11 17
2568 11 17
2569 2570 17
2569 2571 17
2569 2572 17
2570 2571 17
2570 2572 17
2571 2572 17
2574 2575 17
2576 2577 17
2578 2579 17
2578 2580 17
2579 2580 17
2581 2582 17
2581 1794 17
2581 2583 17
2582 1794 17
2582 2583 17
1794 2583 17
2584 2585 17
2586 2556 17
2587 2588 17
2589 236 17
2590 2591 17
2592 2593 17
720 2594 17
720 2595 17
720 2596 17
720 2597 17
2594 2595 17
2594 2596 17
2594 2597 17
2595 2596 17
2595 2597 17
2596 2597 17
2534 2598 17
2534 2533 17
2534 2532 17
2534 2599 17
2534 2600 17
2534 2601 17
2598 2533 17
2598 2532 17
2598 2599 17
2598 2600 17
2598 2601 17
2533 2532 17
2533 2599 17
2533 2600 17
2533 2601 17
2532 2599 17
2532 2600 17
2532 2601 17
2599 2600 17
2599 2601 17
2600 2601 17
2602 2603 17
2602 2604 17
2603 2604 17
1003 109 17
1003 2606 17
1003 127 17
109 2606 17
109 127 17
2606 127 17
2096 2097 17
2607 2608 17
2609 2610 17
2609 2611 17
2609 2612 17
2610 2611 17
2610 2612 17
2611 2612 17
2613 2614 17
2615 2560 17
2616 1001 17
2617 2618 17
2617 2619 17
2617 2620 17
2618 2619 17
2618 2620 17
2619 2620 17
2621 2622 17
2621 2623 17
2621 2624 17
2621 2625 17
2622 2623 17
2622 2624 17
2622 2625 17
2623 2624 17
2623 2625 17
2624 2625 17
2626 2627 17
2626 2628 17
2626 2629 17
2627 2628 17
2627 2629 17
2628 2629 17
2630 2631 17
947 2632 17
947 2633 17
2632 2633 17
2634 2635 17
2634 2636 17
2634 877 17
2635 2636 17
2635 877 17
2636 877 17
894 2637 17
894 895 17
2637 895 17
2638 1077 17
2638 2639 17
2638 877 17
1077 2639 17
1077 877 17
2639 877 17
2640 2641 17
2640 2642 17
2640 2643 17
2640 2644 17
2641 2642 17
2641 2643 17
2641 2644 17
2642 2643 17
2642 2644 17
2643 2644 17
1798 1797 17
1798 1740 17
1798 2643 17
1797 1740 17
1797 2643 17
1740 2643 17
2645 2646 17
912 913 17
912 710 17
913 710 17
2647 2648 17
2647 2649 17
2647 2650 17
2648 2649 17
2648 2650 17
2649 2650 17
2651 2652 10
2651 820 10
2651 2653 10
2652 820 10
2652 2653 10
820 2653 10
2654 2236 10
2654 2655 10
2236 2655 10
2656 1946 10
2656 2239 10
1946 2239 10
2657 2658 10
2657 2659 10
2657 2660 10
2658 2659 10
2658 2660 10
2659 2660 10
2661 2662 10
2663 2664 10
804 817 10
804 2665 10
817 2665 10
2666 2667 10
2666 2668 10
2667 2668 10
2669 1006 10
2669 2670 10
2669 1005 10
1006 2670 10
1006 1005 10
2670 1005 10
847 2671 10
816 790 10
2672 2673 10
855 2673 10
2275 2074 10
2275 1960 10
2074 1960 10
2675 2676 10
2677 858 10
2679 872 10
1639 1640 10
1639 1641 10
1640 1641 10
2680 2681 10
2680 2682 10
2680 1196 10
2680 2045 10
2681 2682 10
2681 1196 10
2681 2045 10
2682 1196 10
2682 2045 10
1196 2045 10
2683 845 10
2684 2685 10
2684 845 10
2685 845 10
2686 2687 10
2686 2688 10
2687 2688 10
2689 2690 10
2691 2692 10
2693 2694 10
2693 2695 10
2694 2695 10
2696 2697 10
2696 2698 10
2697 2698 10
2699 2700 10
2699 2701 10
2699 2702 10
2700 2701 10
2700 2702 10
2701 2702 10
2703 2704 10
2705 2706 10
2705 2432 10
2706 2432 10
2707 2708 10
2707 2709 10
2708 2709 10
2710 2711 10
818 2712 10
818 2713 10
818 2714 10
818 2715 10
2712 2713 10
2712 2714 10
2712 2715 10
2713 2714 10
2713 2715 10
2714 2715 10
2716 2373 10
2716 2717 10
2373 2717 10
2718 2719 10
2720 2721 10
2720 2722 10
2720 1846 10
2720 2711 10
2721 2722 10
2721 1846 10
2721 2711 10
2722 1846 10
2722 2711 10
1846 2711 10
2723 2724 10
2723 1846 10
2724 1846 10
2725 2726 10
2727 2728 10
2727 2239 10
2728 2239 10
2344 2345 10
2344 2308 10
2345 2308 10
2729 2730 10
2729 2731 10
2730 2731 10
2732 2733 10
2734 2735 10
2734 2736 10
2735 2736 10
2737 2236 10
2737 2655 10
2236 2655 10
784 2738 10
784 2739 10
2738 2739 10
2740 2741 10
845 2742 10
2743 2744 10
2743 2745 10
2744 2745 10
2746 2692 10
2747 2692 10
2748 2749 10
2750 2751 10
805 806 10
805 807 10
805 2380 10
806 807 10
806 2380 10
807 2380 10
2752 2753 10
2754 2694 10
2755 2702 10
2756 2757 10
2756 2758 10
2756 2759 10
2757 2758 10
2757 2759 10
2758 2759 10
2760 824 10
2761 2762 10
1792 854 10
1792 788 10
854 788 10
2763 806 10
790 816 10
790 791 10
816 791 10
818 817 10
818 2764 10
817 2764 10
2765 2766 10
2767 2768 10
2767 2769 10
2768 2769 10
2770 2771 10
2770 2772 10
2771 2772 10
2773 2726 10
2774 2775 10
2774 2776 10
2775 2776 10
2778 2779 10
2780 2781 10
2780 2086 10
2780 2782 10
2781 2086 10
2781 2782 10
2086 2782 10
2783 2784 10
2783 2785 10
2784 2785 10
2786 2745 10
2787 2788 23
2787 2789 23
2787 2790 23
2788 2789 23
2788 2790 23
2789 2790 23
357 2791 23
357 363 23
2791 363 23
2792 2793 23
2792 400 23
2792 444 23
2793 400 23
2793 444 23
400 444 23
2794 364 23
2795 2796 23
2797 2798 23
2797 2799 23
2797 2800 23
2797 2801 23
2798 2799 23
2798 2800 23
2798 2801 23
2799 2800 23
2799 2801 23
2800 2801 23
2802 2803 23
2802 2804 23
2803 2804 23
2805 2253 23
2805 2806 23
2805 2807 23
2253 2806 23
2253 2807 23
2806 2807 23
2810 2811 23
2810 2812 23
2811 2812 23
2813 2814 23
2813 2815 23
2814 2815 23
2816 2817 23
2816 2818 23
2816 2819 23
2817 2818 23
2817 2819 23
2818 2819 23
2820 2821 23
354 353 23
2822 2823 23
2822 2824 23
2822 2810 23
2823 2824 23
2823 2810 23
2824 2810 23
2825 2826 23
2827 2828 23
2829 2830 23
2831 397 23
2832 2810 23
2834 2835 23
2836 332 23
2836 334 23
2836 335 23
332 334 23
332 335 23
334 335 23
2838 2839 23
2838 2840 23
2838 2841 23
2839 2840 23
2839 2841 23
2840 2841 23
2842 2843 23
2842 2844 23
2842 2845 23
2843 2844 23
2843 2845 23
2844 2845 23
2847 2848 23
2849 2850 23
2851 383 23
2852 2800 23
2853 2854 23
2853 2855 23
2854 2855 23
2807 2253 23
2856 2857 23
2856 2858 23
2857 2858 23
2859 2860 23
2861 2862 23
2861 2863 23
2862 2863 23
2865 2866 23
2865 2867 23
2866 2867 23
2868 2869 23
2868 84 23
2869 84 23
2870 2871 23
2872 2873 23
2874 2875 23
2876 2828 23
2877 2878 23
2879 2855 23
2880 2881 23
2880 2045 23
2881 2045 23
2882 2883 23
2882 2884 23
2883 2884 23
2885 2886 23
2885 335 23
2886 335 23
2887 2888 23
2887 2889 23
2888 2889 23
2890 2843 23
2890 2891 23
2890 2845 23
2843 2891 23
2843 2845 23
2891 2845 23
2892 413 23
2893 2866 23
2893 2470 23
2866 2470 23
2894 2895 23
2894 2867 23
2895 2867 23
2896 2897 23
2884 2882 23
2884 2883 23
2882 2883 23
2898 2899 23
2898 2900 23
2899 2900 23
823 824 23
823 2901 23
824 2901 23
2902 2903 23
2904 2905 23
2904 2906 23
2905 2906 23
2907 394 23
2907 2908 23
394 2908 23
2823 2811 23
2823 2909 23
2823 2810 23
2811 2909 23
2811 2810 23
2909 2810 23
2910 2828 23
2911 2912 23
2911 873 23
2911 2913 23
2911 2824 23
2912 873 23
2912 2913 23
2912 2824 23
873 2913 23
873 2824 23
2913 2824 23
2914 2915 23
2914 2889 23
2914 2828 23
2915 2889 23
2915 2828 23
2889 2828 23
2916 2917 23
2916 2871 23
2916 2918 23
2917 2871 23
2917 2918 23
2871 2918 23
2919 2920 23
2921 2922 23
2923 2924 23
2923 2925 23
2923 2926 23
2924 2925 23
2924 2926 23
2925 2926 23
2927 2928 23
2927 2929 23
2928 2929 23
2930 2796 23
2931 2850 23
2931 2932 23
2850 2932 23
2866 2933 23
2866 2934 23
2933 2934 23
2935 2936 23
2937 2938 23
2937 2939 23
2937 2940 23
2938 2939 23
2938 2940 23
2939 2940 23
2941 2828 23
2941 2942 23
2828 2942 23
2943 2944 23
2945 2946 23
2947 2948 23
2949 2950 23
2951 2952 23
2951 2953 23
2951 2954 23
2952 2953 23
2952 2954 23
2953 2954 23
2955 2956 23
2957 2958 23
2957 2045 23
2958 2045 23
2959 2960 23
2961 2962 23
2963 2964 23
2963 831 23
2964 831 23
2965 2966 23
2965 2967 23
2966 2967 23
2968 2969 23
2970 2971 23
2972 2973 23
2760 2974 23
2760 824 23
2974 824 23
2838 2840 23
2838 2841 23
2838 2839 23
2840 2841 23
2840 2839 23
2841 2839 23
416 370 23
2975 2976 23
2975 2789 23
2976 2789 23
2977 2978 23
2977 2897 23
2977 2979 23
2978 2897 23
2978 2979 23
2897 2979 23
2980 2981 23
2980 2982 23
2980 2983 23
2981 2982 23
2981 2983 23
2982 2983 23
2984 2985 23
2986 2987 23
2986 2988 23
2987 2988 23
2852 364 23
2852 2800 23
364 2800 23
2989 2899 23
2990 2991 23
2992 2993 23
2994 2995 23
2996 2997 23
2998 298 23
2998 2324 23
298 2324 23
2999 3000 23
2999 3001 23
2999 2960 23
3000 3001 23
3000 2960 23
3001 2960 23
3002 3003 23
3002 3004 23
3003 3004 23
3005 3006 23
3005 3007 23
3006 3007 23
3008 3009 23
3008 2935 23
3009 2935 23
3011 3012 23
3011 3013 23
3011 2855 23
3012 3013 23
3012 2855 23
3013 2855 23
369 3014 23
369 3015 23
369 370 23
369 371 23
3014 3015 23
3014 370 23
3014 371 23
3015 370 23
3015 371 23
370 371 23
3017 2935 23
3017 2801 23
2935 2801 23
3018 3019 23
3020 3021 23
3022 2938 23
3022 2821 23
2938 2821 23
3023 3024 23
3023 3004 23
3024 3004 23
3025 2971 23
3026 3027 23
3026 3028 23
3027 3028 23
3029 3030 23
3029 3031 23
3030 3031 23
3032 3033 23
3032 3034 23
3032 3035 23
3032 3036 23
3033 3034 23
3033 3035 23
3033 3036 23
3034 3035 23
3034 3036 23
3035 3036 23
3037 3038 23
3039 3040 23
424 425 23
3041 3042 23
3041 3043 23
3042 3043 23
3044 3045 23
3046 2935 23
3047 2809 23
3047 2877 23
2809 2877 23
3048 2891 23
3048 3049 23
2891 3049 23
3050 3051 23
3052 3053 23
3052 3054 23
3053 3054 23
3055 3056 23
3055 3057 23
3056 3057 23
3058 3059 23
3058 3060 23
3059 3060 23
3061 3062 23
3061 2870 23
3061 2871 23
3062 2870 23
3062 2871 23
2870 2871 23
2323 3063 23
2323 2322 23
2323 3064 23
3063 2322 23
3063 3064 23
2322 3064 23
3065 3051 23
3066 3067 23
3068 2841 23
3069 3070 23
3069 3071 23
3069 3072 23
3070 3071 23
3070 3072 23
3071 3072 23
2926 3073 23
2926 3074 23
2926 2925 23
2926 3075 23
2926 3076 23
3073 3074 23
3073 2925 23
3073 3075 23
3073 3076 23
3074 2925 23
3074 3075 23
3074 3076 23
2925 3075 23
2925 3076 23
3075 3076 23
3077 3078 23
3079 3080 23
3081 3082 23
3083 2871 23
3084 3085 23
3086 2898 23
3086 3087 23
2898 3087 23
3088 2891 23
3089 3090 23
3091 2950 23
3092 3093 23
3092 3094 23
3093 3094 23
3096 370 23
2400 3097 23
2400 2384 23
3097 2384 23
3098 3099 23
3100 3101 23
3102 3103 23
3104 3105 23
3104 3106 23
3105 3106 23
3108 3097 23
3108 3109 23
3097 3109 23
3110 3111 23
3110 3112 23
3110 3051 23
3111 3112 23
3111 3051 23
3112 3051 23
3113 825 23
3114 2865 23
3114 2867 23
2865 2867 23
3115 2973 23
3116 476 23
3117 3118 23
3117 3119 23
3117 2045 23
3118 3119 23
3118 2045 23
3119 2045 23
3120 3121 23
3122 2944 23
2893 3063 23
2893 3064 23
3063 3064 23
3123 3124 23
3123 3125 23
3123 3009 23
3124 3125 23
3124 3009 23
3125 3009 23
3126 3127 23
3126 3128 23
3127 3128 23
3129 363 23
3131 2832 23
3131 2822 23
3131 2810 23
2832 2822 23
2832 2810 23
2822 2810 23
3133 3134 23
3133 3135 23
3134 3135 23
3136 3137 23
3136 3138 23
3137 3138 23
3140 414 23
3140 1600 23
414 1600 23
463 464 23
463 465 23
464 465 23
3141 3142 23
3143 3144 23
3143 2886 23
3143 334 23
3144 2886 23
3144 334 23
2886 334 23
3145 2879 23
3145 2853 23
3145 2855 23
2879 2853 23
2879 2855 23
2853 2855 23
3146 3147 23
3118 3148 23
3118 2045 23
3118 3149 23
3148 2045 23
3148 3149 23
2045 3149 23
3150 825 23
2931 2932 23
3151 3152 23
3153 3154 23
3153 3155 23
3154 3155 23
3156 3157 23
3156 3158 23
3156 3159 23
3157 3158 23
3157 3159 23
3158 3159 23
3160 3161 23
3160 3162 23
3160 2841 23
3161 3162 23
3161 2841 23
3162 2841 23
3163 3164 23
3165 3166 23
3145 3167 23
3145 2855 23
3167 2855 23
3168 3169 23
3168 3170 23
3169 3170 23
2973 2972 23
3171 3172 13
3171 3173 13
3171 3174 13
3172 3173 13
3172 3174 13
3173 3174 13
3175 3176 13
3175 3177 13
3176 3177 13
3178 3179 13
3181 3182 13
3181 3183 13
3181 3184 13
3182 3183 13
3182 3184 13
3183 3184 13
3185 3186 13
3187 3188 13
3187 3189 13
3188 3189 13
1985 3191 13
1985 1986 13
3191 1986 13
3192 2116 13
3192 3193 13
2116 3193 13
3196 3197 13
3196 3198 13
3197 3198 13
3199 3200 13
3199 3201 13
3199 3202 13
3200 3201 13
3200 3202 13
3201 3202 13
3203 3204 13
3203 3205 13
3204 3205 13
2277 2279 13
3206 3207 13
3206 3208 13
3207 3208 13
3209 3210 13
3209 3211 13
3209 3212 13
3210 3211 13
3210 3212 13
3211 3212 13
3213 3214 13
3213 2680 13
3213 2682 13
3214 2680 13
3214 2682 13
2680 2682 13
3215 3216 13
2138 3217 13
2138 1981 13
3217 1981 13
807 806 13
3218 3219 13
3218 3220 13
3219 3220 13
3221 3222 13
3221 3223 13
3222 3223 13
3224 3225 13
3226 3183 13
3226 3227 13
3183 3227 13
3228 3229 13
3228 3230 13
3229 3230 13
3213 2680 13
3213 2682 13
3213 3214 13
3213 3231 13
2680 2682 13
2680 3214 13
2680 3231 13
2682 3214 13
2682 3231 13
3214 3231 13
3232 3233 13
3232 3234 13
3232 3235 13
3233 3234 13
3233 3235 13
3234 3235 13
3236 3237 13
3238 3239 13
3240 3227 13
3240 1981 13
3227 1981 13
3242 3243 13
3244 3245 13
3244 3246 13
3244 3203 13
3244 3247 13
3244 3248 13
3245 3246 13
3245 3203 13
3245 3247 13
3245 3248 13
3246 3203 13
3246 3247 13
3246 3248 13
3203 3247 13
3203 3248 13
3247 3248 13
1982 2066 13
1971 3249 13
1971 1972 13
1971 3250 13
3249 1972 13
3249 3250 13
1972 3250 13
3251 3252 13
3253 3254 13
3255 3256 13
1970 3257 13
3258 3259 13
3258 3260 13
3258 3254 13
3258 3261 13
3258 3262 13
3258 3253 13
3259 3260 13
3259 3254 13
3259 3261 13
3259 3262 13
3259 3253 13
3260 3254 13
3260 3261 13
3260 3262 13
3260 3253 13
3254 3261 13
3254 3262 13
3254 3253 13
3261 3262 13
3261 3253 13
3262 3253 13
3263 3264 13
3263 3265 13
3263 3266 13
3263 3267 13
3263 3268 13
3263 3269 13
3263 3270 13
3264 3265 13
3264 3266 13
3264 3267 13
3264 3268 13
3264 3269 13
3264 3270 13
3265 3266 13
3265 3267 13
3265 3268 13
3265 3269 13
3265 3270 13
3266 3267 13
3266 3268 13
3266 3269 13
3266 3270 13
3267 3268 13
3267 3269 13
3267 3270 13
3268 3269 13
3268 3270 13
3269 3270 13
3271 3272 13
3271 3273 13
3272 3273 13
3274 3186 13
3275 3223 13
3276 3277 13
3276 3278 13
3276 3279 13
3276 3280 13
3277 3278 13
3277 3279 13
3277 3280 13
3278 3279 13
3278 3280 13
3279 3280 13
3281 3282 13
3281 3283 13
3281 3284 13
3282 3283 13
3282 3284 13
3283 3284 13
3285 2347 13
3285 1957 13
2347 1957 13
3286 3287 7
3286 3288 7
3287 3288 7
3291 3292 7
3291 2326 7
3291 1877 7
3291 3293 7
3291 3294 7
3291 3295 7
3292 2326 7
3292 1877 7
3292 3293 7
3292 3294 7
3292 3295 7
2326 1877 7
2326 3293 7
2326 3294 7
2326 3295 7
1877 3293 7
1877 3294 7
1877 3295 7
3293 3294 7
3293 3295 7
3294 3295 7
3296 3297 7
3296 3298 7
3297 3298 7
3300 3301 7
3300 3302 7
3300 3303 7
3301 3302 7
3301 3303 7
3302 3303 7
3304 3305 7
3304 3306 7
3304 3307 7
3305 3306 7
3305 3307 7
3306 3307 7
3308 2724 7
3308 1846 7
2724 1846 7
3309 1844 7
3311 3312 7
3314 3315 7
3314 3316 7
3315 3316 7
3317 3318 7
3319 3320 7
3319 3321 7
3320 3321 7
2802 2803 7
2802 2804 7
2803 2804 7
3322 3323 7
3322 3324 7
3323 3324 7
2654 2236 7
2654 2655 7
2236 2655 7
3325 3326 7
3327 3328 7
3329 2778 7
3330 2804 7
3332 3286 7
3332 3288 7
3286 3288 7
2769 3333 7
2769 3334 7
3333 3334 7
1653 3335 7
1653 3328 7
1653 3336 7
3335 3328 7
3335 3336 7
3328 3336 7
3337 3338 7
3339 3340 7
3339 3341 7
3340 3341 7
3342 3343 7
3342 3344 7
3342 3345 7
3342 3346 7
3343 3344 7
3343 3345 7
3343 3346 7
3344 3345 7
3344 3346 7
3345 3346 7
3348 3208 7
3349 1846 7
3349 3350 7
3349 3351 7
1846 3350 7
1846 3351 7
3350 3351 7
3352 3353 7
3352 3354 7
3352 800 7
3352 802 7
3353 3354 7
3353 800 7
3353 802 7
3354 800 7
3354 802 7
800 802 7
3355 3356 7
3357 3358 7
3357 3359 7
3358 3359 7
3360 3361 7
3360 3362 7
3360 3363 7
3361 3362 7
3361 3363 7
3362 3363 7
3365 3366 7
3365 3367 7
3365 3368 7
3365 3345 7
3365 3369 7
3365 3370 7
3366 3367 7
3366 3368 7
3366 3345 7
3366 3369 7
3366 3370 7
3367 3368 7
3367 3345 7
3367 3369 7
3367 3370 7
3368 3345 7
3368 3369 7
3368 3370 7
3345 3369 7
3345 3370 7
3369 3370 7
1798 3371 7
1798 3372 7
1798 3373 7
3371 3372 7
3371 3373 7
3372 3373 7
2248 2249 7
3374 2303 7
3376 3377 7
3376 3378 7
3376 3379 7
3376 3380 7
3377 3378 7
3377 3379 7
3377 3380 7
3378 3379 7
3378 3380 7
3379 3380 7
3381 3286 7
3381 3288 7
3286 3288 7
2617 3382 7
3384 3385 7
3386 3387 7
3386 3388 7
3386 3389 7
3387 3388 7
3387 3389 7
3388 3389 7
3390 2655 7
3390 3391 7
2655 3391 7
3392 3393 7
3392 3394 7
3393 3394 7
3396 3397 7
3396 3398 7
3397 3398 7
3400 3401 7
3400 3402 7
3401 3402 7
3403 2778 7
3404 3405 7
3404 3406 7
3404 3407 7
3404 3408 7
3405 3406 7
3405 3407 7
3405 3408 7
3406 3407 7
3406 3408 7
3407 3408 7
3409 3410 7
3409 3411 7
3410 3411 7
3412 3413 7
3412 3414 7
3413 3414 7
3415 3416 7
3415 3417 7
3416 3417 7
3418 3419 7
3420 3421 7
3422 3423 7
3424 3425 7
3426 3427 7
3426 3428 7
3426 3429 7
3426 3430 7
3426 3431 7
3426 3432 7
3427 3428 7
3427 3429 7
3427 3430 7
3427 3431 7
3427 3432 7
3428 3429 7
3428 3430 7
3428 3431 7
3428 3432 7
3429 3430 7
3429 3431 7
3429 3432 7
3430 3431 7
3430 3432 7
3431 3432 7
818 2712 7
818 2713 7
818 2715 7
2712 2713 7
2712 2715 7
2713 2715 7
3433 3434 7
3435 3436 7
3435 3437 7
3436 3437 7
3438 3439 7
3440 3441 7
3440 3442 7
3440 3443 7
3440 3444 7
3440 3445 7
3440 3446 7
3440 3447 7
3440 3448 7
3440 3449 7
3440 3450 7
3440 3451 7
3441 3442 7
3441 3443 7
3441 3444 7
3441 3445 7
3441 3446 7
3441 3447 7
3441 3448 7
3441 3449 7
3441 3450 7
3441 3451 7
3442 3443 7
3442 3444 7
3442 3445 7
3442 3446 7
3442 3447 7
3442 3448 7
3442 3449 7
3442 3450 7
3442 3451 7
3443 3444 7
3443 3445 7
3443 3446 7
3443 3447 7
3443 3448 7
3443 3449 7
3443 3450 7
3443 3451 7
3444 3445 7
3444 3446 7
3444 3447 7
3444 3448 7
3444 3449 7
3444 3450 7
3444 3451 7
3445 3446 7
3445 3447 7
3445 3448 7
3445 3449 7
3445 3450 7
3445 3451 7
3446 3447 7
3446 3448 7
3446 3449 7
3446 3450 7
3446 3451 7
3447 3448 7
3447 3449 7
3447 3450 7
3447 3451 7
3448 3449 7
3448 3450 7
3448 3451 7
3449 3450 7
3449 3451 7
3450 3451 7
3453 3454 7
3455 3456 7
3457 3458 7
3457 3459 7
3458 3459 7
3460 2692 7
3462 3463 7
2757 3394 7
3465 3466 7
3468 3469 7
3470 2731 7
3471 3472 7
3471 3383 7
3472 3383 7
3473 3474 7
3473 3475 7
3473 3476 7
3474 3475 7
3474 3476 7
3475 3476 7
3477 3478 7
3477 3479 7
3478 3479 7
3480 3481 7
3480 3482 7
3481 3482 7
3483 3484 7
3483 3485 7
3484 3485 7
3486 3487 7
3486 3488 7
3487 3488 7
3489 3490 7
3489 3491 7
3490 3491 7
3492 3493 7
3492 3494 7
3492 3495 7
3493 3494 7
3493 3495 7
3494 3495 7
3496 3497 7
3496 2776 7
3496 3498 7
3497 2776 7
3497 3498 7
2776 3498 7
3499 3500 7
3499 3501 7
3500 3501 7
3502 3503 7
3502 3504 7
3502 3505 7
3502 3389 7
3503 3504 7
3503 3505 7
3503 3389 7
3504 3505 7
3504 3389 7
3505 3389 7
3507 3508 7
3507 3509 7
3508 3509 7
3510 2388 7
69 775 7
3511 3512 7
3513 3514 7
3515 1905 7
3458 3459 7
3516 3517 7
3516 3518 7
3517 3518 7
3494 3495 7
3519 3520 7
3519 3521 7
3519 3388 7
3520 3521 7
3520 3388 7
3521 3388 7
3522 3523 7
3522 1879 7
3523 1879 7
3524 3525 7
3526 3527 7
3528 3529 7
1342 3530 7
3531 3532 7
3533 3534 7
3533 3535 7
3534 3535 7
3538 3539 7
3540 3541 7
2248 2249 7
3543 3544 7
3545 3546 7
3547 3548 7
3547 3485 7
3547 3549 7
3547 3550 7
3548 3485 7
3548 3549 7
3548 3550 7
3485 3549 7
3485 3550 7
3549 3550 7
3551 3552 7
3553 3554 7
3553 3555 7
3553 3556 7
3553 3557 7
3553 3558 7
3554 3555 7
3554 3556 7
3554 3557 7
3554 3558 7
3555 3556 7
3555 3557 7
3555 3558 7
3556 3557 7
3556 3558 7
3557 3558 7
3559 3388 7
3559 3387 7
3388 3387 7
3561 3562 7
2319 2320 7
1342 2239 7
3563 3564 7
3563 3565 7
3563 3566 7
3563 3567 7
3563 3568 7
3563 3569 7
3564 3565 7
3564 3566 7
3564 3567 7
3564 3568 7
3564 3569 7
3565 3566 7
3565 3567 7
3565 3568 7
3565 3569 7
3566 3567 7
3566 3568 7
3566 3569 7
3567 3568 7
3567 3569 7
3568 3569 7
3570 2655 7
3570 1846 7
3570 3571 7
2655 1846 7
2655 3571 7
1846 3571 7
295 293 7
295 296 7
295 3572 7
293 296 7
293 3572 7
296 3572 7
3573 3574 7
3287 3296 7
3575 2690 7
3576 2776 7
3577 3578 7
3581 1763 7
3581 911 7
3581 3582 7
1763 911 7
1763 3582 7
911 3582 7
3584 3585 7
3584 3586 7
3585 3586 7
3587 3588 7
3590 1098 7
3592 3593 7
3592 3594 7
3593 3594 7
3595 3596 7
3595 3597 7
3596 3597 7
2248 2249 7
3598 3599 7
3598 3600 7
3598 3601 7
3599 3600 7
3599 3601 7
3600 3601 7
3602 3603 7
3602 3604 7
3603 3604 7
3605 3606 7
3609 3610 7
3612 3613 7
3615 2466 7
3616 1181 7
3015 3617 7
3015 3014 7
3617 3014 7
3619 3620 7
3619 3357 7
3619 3358 7
3620 3357 7
3620 3358 7
3357 3358 7
3621 1246 7
3623 3624 7
3623 3625 7
3624 3625 7
3286 3627 7
3286 3628 7
3627 3628 7
3629 1639 7
3631 3632 7
3631 3627 7
3632 3627 7
2289 2293 7
2289 3633 7
2293 3633 7
3635 3636 7
3637 3638 7
3637 3639 7
3638 3639 7
3640 2655 7
3640 3411 7
2655 3411 7
3641 1529 7
3642 3643 7
3644 3645 7
3644 3646 7
3644 3647 7
3644 3648 7
3645 3646 7
3645 3647 7
3645 3648 7
3646 3647 7
3646 3648 7
3647 3648 7
3649 3650 7
3651 1587 7
3651 1905 7
1587 1905 7
3652 3653 7
3652 3654 7
3652 3655 7
3653 3654 7
3653 3655 7
3654 3655 7
3656 1879 7
3657 3658 7
3659 3551 7
3660 3661 7
3660 3662 7
3660 3345 7
3661 3662 7
3661 3345 7
3662 3345 7
3663 3664 7
3665 3411 7
3667 3668 7
3667 2490 7
3667 3669 7
3668 2490 7
3668 3669 7
2490 3669 7
3670 3671 7
3672 3673 7
3674 3675 7
3674 3650 7
3675 3650 7
1162 1197 7
1162 3676 7
1197 3676 7
3678 3679 7
3680 3681 7
3683 3684 7
3685 3686 7
3687 2228 7
3688 3689 7
3688 1342 7
3688 3690 7
3689 1342 7
3689 3690 7
1342 3690 7
3691 3692 7
3691 3693 7
3692 3693 7
2746 2692 7
3694 3386 7
3694 3695 7
3694 1587 7
3694 1905 7
3694 3696 7
3386 3695 7
3386 1587 7
3386 1905 7
3386 3696 7
3695 1587 7
3695 1905 7
3695 3696 7
1587 1905 7
1587 3696 7
1905 3696 7
3697 3698 7
3697 3699 7
3697 3700 7
3697 3701 7
3697 3702 7
3697 3703 7
3697 3704 7
3698 3699 7
3698 3700 7
3698 3701 7
3698 3702 7
3698 3703 7
3698 3704 7
3699 3700 7
3699 3701 7
3699 3702 7
3699 3703 7
3699 3704 7
3700 3701 7
3700 3702 7
3700 3703 7
3700 3704 7
3701 3702 7
3701 3703 7
3701 3704 7
3702 3703 7
3702 3704 7
3703 3704 7
2747 2692 7
3705 3706 7
3707 3708 7
3709 3710 7
3709 3711 7
3709 3712 7
3710 3711 7
3710 3712 7
3711 3712 7
3713 3714 7
3716 3717 7
3718 3719 7
3718 3720 7
3719 3720 7
3722 3723 7
3722 3724 7
3723 3724 7
3725 3726 7
3725 3727 7
3726 3727 7
2248 2249 7
3188 263 7
3188 3728 7
263 3728 7
3729 3655 7
3729 3730 7
3655 3730 7
3731 3732 7
3376 3733 7
176 2267 7
3734 3474 7
3735 3736 7
3328 3737 7
3328 3738 7
3328 3739 7
3737 3738 7
3737 3739 7
3738 3739 7
1673 3740 7
1673 3741 7
1673 3742 7
3740 3741 7
3740 3742 7
3741 3742 7
3743 3744 7
3743 3745 7
3743 3746 7
3744 3745 7
3744 3746 7
3745 3746 7
3747 3748 7
3747 3593 7
3748 3593 7
2655 2236 7
2655 3749 7
2655 3750 7
2655 3751 7
2655 3752 7
2236 3749 7
2236 3750 7
2236 3751 7
2236 3752 7
3749 3750 7
3749 3751 7
3749 3752 7
3750 3751 7
3750 3752 7
3751 3752 7
3753 3754 7
890 888 7
2387 2388 7
3687 3755 7
3687 2228 7
3755 2228 7
3756 3757 7
3758 3759 7
3758 3760 7
3758 3761 7
3758 3762 7
3759 3760 7
3759 3761 7
3759 3762 7
3760 3761 7
3760 3762 7
3761 3762 7
3763 3764 7
3763 2731 7
3764 2731 7
3765 2730 7
1251 1252 7
1251 1253 7
1252 1253 7
1656 3766 7
3767 3768 7
3767 3769 7
3767 3770 7
3768 3769 7
3768 3770 7
3769 3770 7
3771 3772 7
3771 3773 7
3771 3774 7
3772 3773 7
3772 3774 7
3773 3774 7
3287 3775 7
3777 3778 7
3777 3779 7
3777 3780 7
3777 3781 7
3777 3782 7
3778 3779 7
3778 3780 7
3778 3781 7
3778 3782 7
3779 3780 7
3779 3781 7
3779 3782 7
3780 3781 7
3780 3782 7
3781 3782 7
2297 3783 7
2297 3784 7
3783 3784 7
3785 3655 7
3785 3730 7
3655 3730 7
3786 3787 7
3786 3788 7
3787 3788 7
3789 3790 7
3791 2036 7
3792 3793 7
3794 818 7
3795 2659 7
3795 3796 7
2659 3796 7
3551 3797 7
3551 3798 7
3551 3799 7
3551 3800 7
3797 3798 7
3797 3799 7
3797 3800 7
3798 3799 7
3798 3800 7
3799 3800 7
3801 3802 7
3803 3434 7
3804 3805 7
3804 3389 7
3805 3389 7
3806 3551 7
3806 3807 7
3551 3807 7
3808 697 7
3809 697 7
3810 1209 7
3810 3811 7
1209 3811 7
3812 2018 7
3812 2428 7
2018 2428 7
3814 3815 7
3814 3816 7
3815 3816 7
3817 3818 7
3819 3820 7
3819 3821 7
3820 3821 7
3822 3823 7
3826 3827 7
3828 3829 7
1780 888 7
3831 3832 7
3831 3833 7
3832 3833 7
3834 818 7
3835 3829 7
3835 3836 7
3829 3836 7
3403 2778 7
