1 2 2
1 3 2
1 4 2
2 3 2
2 4 2
3 4 2
5 6 2
8 9 2
8 10 2
9 10 2
1 11 2
1 12 2
11 12 2
13 14 2
15 16 2
15 17 2
16 17 2
18 19 2
20 21 2
20 22 2
20 23 2
20 24 2
21 22 2
21 23 2
21 24 2
22 23 2
22 24 2
23 24 2
25 26 2
25 27 2
25 28 2
26 27 2
26 28 2
27 28 2
29 30 2
29 31 2
30 31 2
32 33 2
36 37 2
36 38 2
36 39 2
37 38 2
37 39 2
38 39 2
40 41 2
40 42 2
40 43 2
40 44 2
41 42 2
41 43 2
41 44 2
42 43 2
42 44 2
43 44 2
45 46 2
45 47 2
45 48 2
45 49 2
46 47 2
46 48 2
46 49 2
47 48 2
47 49 2
48 49 2
50 51 2
50 52 2
50 53 2
50 54 2
50 55 2
51 52 2
51 53 2
51 54 2
51 55 2
52 53 2
52 54 2
52 55 2
53 54 2
53 55 2
54 55 2
56 57 2
22 58 2
22 23 2
58 23 2
59 60 2
59 61 2
60 61 2
22 23 2
22 63 2
22 64 2
23 63 2
23 64 2
63 64 2
65 66 2
65 67 2
65 68 2
66 67 2
66 68 2
67 68 2
69 70 2
69 71 2
70 71 2
72 73 2
72 74 2
73 74 2
75 76 2
75 77 2
76 77 2
78 79 2
78 80 2
79 80 2
81 82 2
83 84 2
83 14 2
84 14 2
85 86 2
85 87 2
85 88 2
86 87 2
86 88 2
87 88 2
89 90 2
89 91 2
89 92 2
90 91 2
90 92 2
91 92 2
1 93 2
1 94 2
93 94 2
96 97 2
98 99 2
98 100 2
98 101 2
99 100 2
99 101 2
100 101 2
91 90 2
91 102 2
90 102 2
104 105 2
104 80 2
104 19 2
105 80 2
105 19 2
80 19 2
106 107 2
106 108 2
106 109 2
107 108 2
107 109 2
108 109 2
110 111 2
110 112 2
110 113 2
111 112 2
111 113 2
112 113 2
34 114 2
115 116 2
115 117 2
115 118 2
115 119 2
115 120 2
116 117 2
116 118 2
116 119 2
116 120 2
117 118 2
117 119 2
117 120 2
118 119 2
118 120 2
119 120 2
121 122 2
121 123 2
121 124 2
122 123 2
122 124 2
123 124 2
125 126 2
125 127 2
125 128 2
126 127 2
126 128 2
127 128 2
129 130 2
129 131 2
130 131 2
132 126 2
133 100 2
133 134 2
133 135 2
100 134 2
100 135 2
134 135 2
136 137 2
136 138 2
137 138 2
139 140 2
139 141 2
139 142 2
140 141 2
140 142 2
141 142 2
143 144 2
143 145 2
144 145 2
146 147 2
146 148 2
147 148 2
149 150 2
149 151 2
150 151 2
7 152 2
7 153 2
7 154 2
152 153 2
152 154 2
153 154 2
155 156 2
155 157 2
156 157 2
79 80 2
158 159 2
158 160 2
159 160 2
161 162 2
163 164 2
163 165 2
163 166 2
164 165 2
164 166 2
165 166 2
167 168 2
167 169 2
168 169 2
170 171 2
170 172 2
170 173 2
170 174 2
171 172 2
171 173 2
171 174 2
172 173 2
172 174 2
173 174 2
175 165 2
175 166 2
175 176 2
165 166 2
165 176 2
166 176 2
177 178 2
179 105 2
179 80 2
105 80 2
180 181 2
180 182 2
180 183 2
181 182 2
181 183 2
182 183 2
184 185 2
184 186 2
184 187 2
184 188 2
184 189 2
185 186 2
185 187 2
185 188 2
185 189 2
186 187 2
186 188 2
186 189 2
187 188 2
187 189 2
188 189 2
190 191 2
190 192 2
191 192 2
193 194 2
195 196 2
195 197 2
196 197 2
198 199 2
200 201 2
202 203 2
202 204 2
202 205 2
202 206 2
203 204 2
203 205 2
203 206 2
204 205 2
204 206 2
205 206 2
207 208 2
207 209 2
208 209 2
211 212 2
213 214 2
215 216 2
217 214 2
218 219 2
221 162 2
221 222 2
162 222 2
223 224 2
225 226 2
225 227 2
225 228 2
226 227 2
226 228 2
227 228 2
229 230 2
229 231 2
229 232 2
229 233 2
230 231 2
230 232 2
230 233 2
231 232 2
231 233 2
232 233 2
234 235 2
236 237 2
236 238 2
237 238 2
239 240 2
239 219 2
240 219 2
242 243 2
242 105 2
242 19 2
243 105 2
243 19 2
105 19 2
244 245 2
244 246 2
244 247 2
245 246 2
245 247 2
246 247 2
248 249 2
248 250 2
249 250 2
251 252 2
251 253 2
252 253 2
254 133 2
254 103 2
133 103 2
10 255 2
10 256 2
10 257 2
255 256 2
255 257 2
256 257 2
91 123 2
91 121 2
91 122 2
91 90 2
123 121 2
123 122 2
123 90 2
121 122 2
121 90 2
122 90 2
258 259 2
258 260 2
258 261 2
259 260 2
259 261 2
260 261 2
262 22 2
262 263 2
262 23 2
262 264 2
262 265 2
262 266 2
262 267 2
262 20 2
262 268 2
262 269 2
262 270 2
262 271 2
22 263 2
22 23 2
22 264 2
22 265 2
22 266 2
22 267 2
22 20 2
22 268 2
22 269 2
22 270 2
22 271 2
263 23 2
263 264 2
263 265 2
263 266 2
263 267 2
263 20 2
263 268 2
263 269 2
263 270 2
263 271 2
23 264 2
23 265 2
23 266 2
23 267 2
23 20 2
23 268 2
23 269 2
23 270 2
23 271 2
264 265 2
264 266 2
264 267 2
264 20 2
264 268 2
264 269 2
264 270 2
264 271 2
265 266 2
265 267 2
265 20 2
265 268 2
265 269 2
265 270 2
265 271 2
266 267 2
266 20 2
266 268 2
266 269 2
266 270 2
266 271 2
267 20 2
267 268 2
267 269 2
267 270 2
267 271 2
20 268 2
20 269 2
20 270 2
20 271 2
268 269 2
268 270 2
268 271 2
269 270 2
269 271 2
270 271 2
272 273 2
272 274 2
272 275 2
272 276 2
273 274 2
273 275 2
273 276 2
274 275 2
274 276 2
275 276 2
66 277 2
66 65 2
66 67 2
277 65 2
277 67 2
65 67 2
278 279 2
278 280 2
279 280 2
281 282 2
281 224 2
282 224 2
284 285 2
284 286 2
284 287 2
284 288 2
285 286 2
285 287 2
285 288 2
286 287 2
286 288 2
287 288 2
290 291 2
292 293 2
292 294 2
292 295 2
293 294 2
293 295 2
294 295 2
296 14 2
296 297 2
14 297 2
298 299 2
298 243 2
298 3 2
299 243 2
299 3 2
243 3 2
90 300 2
90 91 2
90 301 2
300 91 2
300 301 2
91 301 2
106 105 2
106 302 2
106 19 2
105 302 2
105 19 2
302 19 2
303 304 2
303 305 2
304 305 2
306 293 2
306 307 2
306 308 2
306 309 2
306 310 2
293 307 2
293 308 2
293 309 2
293 310 2
307 308 2
307 309 2
307 310 2
308 309 2
308 310 2
309 310 2
33 311 2
312 313 2
312 314 2
313 314 2
315 316 2
317 318 2
317 319 2
317 320 2
318 319 2
318 320 2
319 320 2
321 322 2
321 323 2
322 323 2
324 325 2
326 327 2
326 328 2
327 328 2
329 330 2
331 332 2
331 194 2
332 194 2
35 333 2
35 334 2
333 334 2
335 224 2
336 337 25
336 338 25
337 338 25
339 340 25
341 342 25
343 344 25
345 346 25
347 348 25
347 349 25
348 349 25
350 351 25
350 352 25
351 352 25
353 354 25
355 356 25
355 357 25
356 357 25
358 359 25
360 361 25
360 362 25
361 362 25
363 364 25
365 366 25
367 368 25
369 370 25
371 346 25
372 373 25
374 375 25
374 376 25
375 376 25
377 378 25
379 380 25
379 381 25
379 382 25
380 381 25
380 382 25
381 382 25
383 384 25
383 385 25
384 385 25
386 387 25
386 388 25
387 388 25
389 357 25
390 391 25
390 392 25
391 392 25
394 395 25
394 396 25
394 397 25
395 396 25
395 397 25
396 397 25
398 399 25
400 401 25
400 402 25
401 402 25
403 404 25
403 405 25
403 346 25
404 405 25
404 346 25
405 346 25
406 359 25
406 407 25
406 408 25
359 407 25
359 408 25
407 408 25
410 411 25
412 413 25
414 381 25
415 416 25
417 418 25
417 419 25
418 419 25
420 421 25
420 422 25
421 422 25
423 424 25
425 426 25
425 427 25
426 427 25
428 429 25
428 430 25
429 430 25
431 405 25
431 432 25
431 346 25
405 432 25
405 346 25
432 346 25
433 434 25
435 436 25
435 437 25
436 437 25
438 439 25
438 361 25
438 362 25
438 440 25
438 427 25
439 361 25
439 362 25
439 440 25
439 427 25
361 362 25
361 440 25
361 427 25
362 440 25
362 427 25
440 427 25
441 442 25
441 443 25
442 443 25
444 429 25
445 446 25
445 447 25
445 448 25
446 447 25
446 448 25
447 448 25
449 450 25
451 452 25
453 454 25
453 455 25
453 456 25
453 457 25
454 455 25
454 456 25
454 457 25
455 456 25
455 457 25
456 457 25
458 459 25
460 461 25
460 462 25
460 463 25
461 462 25
461 463 25
462 463 25
442 400 25
442 402 25
400 402 25
464 357 25
344 465 25
466 467 25
466 468 25
466 469 25
466 470 25
467 468 25
467 469 25
467 470 25
468 469 25
468 470 25
469 470 25
471 472 25
473 474 25
473 475 25
474 475 25
476 477 25
476 478 25
477 478 25
479 357 25
480 481 25
480 482 25
481 482 25
469 467 25
469 483 25
467 483 25
484 485 25
484 486 25
485 486 25
487 488 25
487 489 25
488 489 25
490 491 25
490 357 25
491 357 25
492 493 25
492 494 25
493 494 25
491 357 25
495 452 25
496 497 25
496 498 25
497 498 25
499 500 25
499 501 25
500 501 25
502 427 25
503 504 25
505 506 25
505 507 25
505 493 25
506 507 25
506 493 25
507 493 25
508 509 25
510 452 25
511 512 25
511 513 25
512 513 25
514 515 25
514 516 25
515 516 25
517 518 25
517 519 25
518 519 25
520 521 25
520 522 25
520 523 25
521 522 25
521 523 25
522 523 25
524 408 25
525 526 25
525 527 25
526 527 25
528 529 25
528 530 25
529 530 25
531 532 25
417 533 25
534 535 25
534 536 25
535 536 25
539 540 25
542 405 25
542 408 25
405 408 25
543 544 25
545 546 25
547 483 25
548 549 25
550 551 25
552 442 25
553 554 25
553 521 25
553 522 25
554 521 25
554 522 25
521 522 25
554 521 25
554 555 25
554 522 25
521 555 25
521 522 25
555 522 25
22 271 5
22 23 5
22 556 5
22 334 5
22 262 5
271 23 5
271 556 5
271 334 5
271 262 5
23 556 5
23 334 5
23 262 5
556 334 5
556 262 5
334 262 5
557 558 5
559 255 5
559 105 5
559 560 5
255 105 5
255 560 5
105 560 5
562 563 5
562 564 5
562 565 5
562 566 5
563 564 5
563 565 5
563 566 5
564 565 5
564 566 5
565 566 5
567 568 5
567 569 5
567 570 5
567 229 5
567 571 5
567 233 5
568 569 5
568 570 5
568 229 5
568 571 5
568 233 5
569 570 5
569 229 5
569 571 5
569 233 5
570 229 5
570 571 5
570 233 5
229 571 5
229 233 5
571 233 5
572 573 5
574 126 5
574 132 5
574 128 5
126 132 5
126 128 5
132 128 5
575 576 5
575 577 5
576 577 5
42 578 5
42 579 5
42 43 5
42 580 5
578 579 5
578 43 5
578 580 5
579 43 5
579 580 5
43 580 5
581 582 5
581 583 5
581 584 5
582 583 5
582 584 5
583 584 5
585 586 5
585 587 5
586 587 5
588 589 5
588 590 5
589 590 5
591 285 5
592 593 5
592 166 5
592 165 5
593 166 5
593 165 5
166 165 5
594 595 5
594 596 5
594 564 5
594 597 5
594 598 5
594 599 5
595 596 5
595 564 5
595 597 5
595 598 5
595 599 5
596 564 5
596 597 5
596 598 5
596 599 5
564 597 5
564 598 5
564 599 5
597 598 5
597 599 5
598 599 5
600 170 5
600 601 5
600 602 5
170 601 5
170 602 5
601 602 5
603 604 5
603 605 5
603 606 5
603 607 5
604 605 5
604 606 5
604 607 5
605 606 5
605 607 5
606 607 5
608 211 5
608 136 5
211 136 5
609 207 5
610 611 5
610 612 5
610 226 5
610 613 5
610 614 5
610 95 5
610 615 5
611 612 5
611 226 5
611 613 5
611 614 5
611 95 5
611 615 5
612 226 5
612 613 5
612 614 5
612 95 5
612 615 5
226 613 5
226 614 5
226 95 5
226 615 5
613 614 5
613 95 5
613 615 5
614 95 5
614 615 5
95 615 5
616 298 5
616 3 5
298 3 5
617 618 5
617 619 5
617 100 5
617 620 5
618 619 5
618 100 5
618 620 5
619 100 5
619 620 5
100 620 5
621 622 5
621 623 5
621 624 5
622 623 5
622 624 5
623 624 5
625 626 5
625 627 5
626 627 5
628 629 5
630 39 5
630 631 5
39 631 5
632 633 5
632 634 5
632 635 5
633 634 5
633 635 5
634 635 5
106 105 5
106 80 5
106 179 5
105 80 5
105 179 5
80 179 5
636 637 5
636 334 5
636 21 5
636 24 5
637 334 5
637 21 5
637 24 5
334 21 5
334 24 5
21 24 5
638 639 5
638 640 5
638 641 5
638 642 5
638 643 5
639 640 5
639 641 5
639 642 5
639 643 5
640 641 5
640 642 5
640 643 5
641 642 5
641 643 5
642 643 5
644 645 5
646 647 5
646 648 5
646 649 5
647 648 5
647 649 5
648 649 5
650 224 5
652 1 5
652 653 5
652 654 5
652 94 5
652 655 5
1 653 5
1 654 5
1 94 5
1 655 5
653 654 5
653 94 5
653 655 5
654 94 5
654 655 5
94 655 5
656 657 5
610 658 5
659 660 5
659 661 5
659 662 5
659 663 5
659 664 5
660 661 5
660 662 5
660 663 5
660 664 5
661 662 5
661 663 5
661 664 5
662 663 5
662 664 5
663 664 5
665 666 5
665 667 5
665 668 5
665 669 5
665 670 5
666 667 5
666 668 5
666 669 5
666 670 5
667 668 5
667 669 5
667 670 5
668 669 5
668 670 5
669 670 5
671 672 5
671 196 5
672 196 5
673 674 5
673 675 5
674 675 5
676 651 5
676 677 5
651 677 5
678 679 5
678 105 5
679 105 5
680 681 5
680 682 5
681 682 5
683 684 5
683 685 5
684 685 5
686 293 5
686 687 5
293 687 5
688 689 5
688 690 5
689 690 5
106 691 5
106 108 5
691 108 5
693 694 5
695 226 5
696 697 5
696 698 5
697 698 5
315 699 5
315 316 5
699 316 5
700 701 5
700 702 5
700 703 5
700 704 5
701 702 5
701 703 5
701 704 5
702 703 5
702 704 5
703 704 5
705 706 5
705 332 5
705 707 5
706 332 5
706 707 5
332 707 5
708 709 5
708 710 5
709 710 5
711 709 5
711 708 5
711 710 5
711 712 5
711 713 5
711 314 5
711 714 5
711 715 5
711 658 5
711 716 5
709 708 5
709 710 5
709 712 5
709 713 5
709 314 5
709 714 5
709 715 5
709 658 5
709 716 5
708 710 5
708 712 5
708 713 5
708 314 5
708 714 5
708 715 5
708 658 5
708 716 5
710 712 5
710 713 5
710 314 5
710 714 5
710 715 5
710 658 5
710 716 5
712 713 5
712 314 5
712 714 5
712 715 5
712 658 5
712 716 5
713 314 5
713 714 5
713 715 5
713 658 5
713 716 5
314 714 5
314 715 5
314 658 5
314 716 5
714 715 5
714 658 5
714 716 5
715 658 5
715 716 5
658 716 5
718 719 5
720 104 5
720 105 5
720 80 5
720 19 5
104 105 5
104 80 5
104 19 5
105 80 5
105 19 5
80 19 5
269 721 5
269 722 5
269 723 5
269 724 5
721 722 5
721 723 5
721 724 5
722 723 5
722 724 5
723 724 5
724 722 5
724 596 5
724 564 5
724 721 5
724 726 5
724 727 5
722 596 5
722 564 5
722 721 5
722 726 5
722 727 5
596 564 5
596 721 5
596 726 5
596 727 5
564 721 5
564 726 5
564 727 5
721 726 5
721 727 5
726 727 5
728 729 5
616 106 5
616 691 5
616 108 5
106 691 5
106 108 5
691 108 5
730 731 5
732 733 5
732 734 5
732 735 5
733 734 5
733 735 5
734 735 5
727 721 5
727 736 5
727 564 5
727 565 5
721 736 5
721 564 5
721 565 5
736 564 5
736 565 5
564 565 5
737 738 5
739 199 5
739 740 5
199 740 5
741 742 5
741 255 5
741 257 5
742 255 5
742 257 5
255 257 5
725 743 5
725 561 5
725 1 5
743 561 5
743 1 5
561 1 5
744 745 5
744 746 5
744 747 5
745 746 5
745 747 5
746 747 5
748 100 5
749 576 5
749 242 5
749 750 5
749 751 5
749 752 5
576 242 5
576 750 5
576 751 5
576 752 5
242 750 5
242 751 5
242 752 5
750 751 5
750 752 5
751 752 5
753 754 5
755 657 5
755 692 5
755 756 5
657 692 5
657 756 5
692 756 5
757 692 5
758 759 5
758 760 5
759 760 5
761 762 5
761 763 5
761 764 5
762 763 5
762 764 5
763 764 5
765 710 5
765 766 5
710 766 5
767 768 5
767 769 5
767 770 5
767 771 5
768 769 5
768 770 5
768 771 5
769 770 5
769 771 5
770 771 5
772 773 5
774 775 5
774 776 5
774 777 5
775 776 5
775 777 5
776 777 5
778 775 5
778 779 5
775 779 5
66 65 5
66 67 5
65 67 5
195 196 5
195 197 5
196 197 5
671 780 5
671 781 5
671 782 5
671 565 5
780 781 5
780 782 5
780 565 5
781 782 5
781 565 5
782 565 5
783 784 5
783 785 5
783 786 5
784 785 5
784 786 5
785 786 5
788 789 5
788 790 5
789 790 5
791 792 5
793 794 5
793 795 5
794 795 5
796 170 5
796 172 5
796 174 5
796 173 5
796 797 5
796 798 5
170 172 5
170 174 5
170 173 5
170 797 5
170 798 5
172 174 5
172 173 5
172 797 5
172 798 5
174 173 5
174 797 5
174 798 5
173 797 5
173 798 5
797 798 5
647 799 5
647 649 5
799 649 5
800 801 5
800 802 5
800 803 5
800 804 5
801 802 5
801 803 5
801 804 5
802 803 5
802 804 5
803 804 5
805 806 5
805 807 5
805 808 5
806 807 5
806 808 5
807 808 5
809 810 5
809 657 5
809 324 5
809 811 5
809 755 5
809 812 5
809 813 5
809 814 5
810 657 5
810 324 5
810 811 5
810 755 5
810 812 5
810 813 5
810 814 5
657 324 5
657 811 5
657 755 5
657 812 5
657 813 5
657 814 5
324 811 5
324 755 5
324 812 5
324 813 5
324 814 5
811 755 5
811 812 5
811 813 5
811 814 5
755 812 5
755 813 5
755 814 5
812 813 5
812 814 5
813 814 5
816 817 5
816 818 5
816 819 5
816 820 5
816 625 5
816 626 5
817 818 5
817 819 5
817 820 5
817 625 5
817 626 5
818 819 5
818 820 5
818 625 5
818 626 5
819 820 5
819 625 5
819 626 5
820 625 5
820 626 5
625 626 5
744 745 5
744 746 5
744 747 5
745 746 5
745 747 5
746 747 5
218 219 5
821 822 5
821 823 5
821 824 5
822 823 5
822 824 5
823 824 5
825 826 5
825 827 5
825 828 5
826 827 5
826 828 5
827 828 5
830 831 5
830 832 5
831 832 5
714 658 5
1 665 5
1 564 5
665 564 5
833 42 5
833 834 5
833 835 5
833 836 5
42 834 5
42 835 5
42 836 5
834 835 5
834 836 5
835 836 5
837 838 5
839 840 5
839 841 5
840 841 5
91 90 5
91 842 5
90 842 5
596 843 5
844 813 5
844 657 5
813 657 5
845 180 5
845 846 5
180 846 5
847 201 5
848 849 5
848 850 5
849 850 5
39 851 5
39 852 5
39 853 5
39 854 5
39 855 5
851 852 5
851 853 5
851 854 5
851 855 5
852 853 5
852 854 5
852 855 5
853 854 5
853 855 5
854 855 5
856 857 5
856 858 5
856 859 5
857 858 5
857 859 5
858 859 5
290 291 5
860 861 5
860 862 5
861 862 5
676 651 5
676 863 5
676 864 5
676 865 5
651 863 5
651 864 5
651 865 5
863 864 5
863 865 5
864 865 5
866 867 5
866 242 5
867 242 5
868 692 5
868 869 5
868 870 5
868 871 5
692 869 5
692 870 5
692 871 5
869 870 5
869 871 5
870 871 5
872 291 5
257 873 5
257 255 5
257 874 5
873 255 5
873 874 5
255 874 5
875 876 5
875 877 5
876 877 5
878 126 5
878 879 5
126 879 5
880 881 5
880 882 5
880 883 5
880 884 5
881 882 5
881 883 5
881 884 5
882 883 5
882 884 5
883 884 5
1 885 5
1 672 5
1 626 5
885 672 5
885 626 5
672 626 5
886 829 5
886 887 5
829 887 5
888 889 5
572 890 5
572 102 5
572 891 5
572 892 5
572 573 5
890 102 5
890 891 5
890 892 5
890 573 5
102 891 5
102 892 5
102 573 5
891 892 5
891 573 5
892 573 5
893 768 5
894 895 5
13 243 5
896 897 5
896 325 5
896 898 5
897 325 5
897 898 5
325 898 5
899 900 5
901 276 5
616 3 5
616 902 5
3 902 5
903 657 5
35 333 5
35 334 5
333 334 5
904 572 5
904 905 5
904 68 5
904 906 5
904 889 5
572 905 5
572 68 5
572 906 5
572 889 5
905 68 5
905 906 5
905 889 5
68 906 5
68 889 5
906 889 5
757 907 5
757 325 5
757 692 5
757 324 5
907 325 5
907 692 5
907 324 5
325 692 5
325 324 5
692 324 5
908 909 5
910 911 5
273 912 5
273 913 5
912 913 5
914 915 5
914 916 5
914 917 5
915 916 5
915 917 5
916 917 5
918 919 15
333 268 15
333 920 15
268 920 15
921 922 15
923 924 15
925 926 15
927 928 15
927 929 15
928 929 15
930 931 15
932 933 15
932 934 15
932 935 15
932 936 15
932 937 15
933 934 15
933 935 15
933 936 15
933 937 15
934 935 15
934 936 15
934 937 15
935 936 15
935 937 15
936 937 15
938 128 15
938 939 15
128 939 15
940 941 15
942 943 15
945 292 15
945 293 15
945 307 15
292 293 15
292 307 15
293 307 15
946 947 15
946 948 15
947 948 15
949 759 15
949 128 15
949 950 15
759 128 15
759 950 15
128 950 15
951 952 15
951 953 15
952 953 15
955 956 15
955 957 15
956 957 15
959 960 15
961 962 15
961 963 15
961 964 15
961 965 15
961 966 15
961 735 15
962 963 15
962 964 15
962 965 15
962 966 15
962 735 15
963 964 15
963 965 15
963 966 15
963 735 15
964 965 15
964 966 15
964 735 15
965 966 15
965 735 15
966 735 15
967 968 15
969 970 15
971 972 15
971 973 15
972 973 15
974 975 15
976 977 15
976 978 15
976 979 15
977 978 15
977 979 15
978 979 15
980 966 15
980 981 15
980 982 15
980 983 15
980 735 15
966 981 15
966 982 15
966 983 15
966 735 15
981 982 15
981 983 15
981 735 15
982 983 15
982 735 15
983 735 15
984 985 15
986 987 15
988 989 15
990 199 15
991 992 15
991 993 15
992 993 15
994 995 15
994 996 15
994 986 15
995 996 15
995 986 15
996 986 15
127 997 15
132 924 15
999 1000 15
999 1001 15
1000 1001 15
1003 1004 15
1003 1005 15
1004 1005 15
1006 1007 15
1008 929 15
1008 1009 15
929 1009 15
1010 1011 15
1010 1012 15
1010 1013 15
1011 1012 15
1011 1013 15
1012 1013 15
1014 1015 15
1014 1016 15
1015 1016 15
1017 248 15
1018 931 15
104 80 15
104 19 15
104 1019 15
80 19 15
80 1019 15
19 1019 15
1020 1021 15
1020 997 15
1021 997 15
1022 1023 15
1022 1024 15
1022 1025 15
1023 1024 15
1023 1025 15
1024 1025 15
1026 1027 15
1026 1028 15
1026 1029 15
1026 1030 15
1026 1031 15
1026 1032 15
1026 1033 15
1026 1034 15
1026 1035 15
1027 1028 15
1027 1029 15
1027 1030 15
1027 1031 15
1027 1032 15
1027 1033 15
1027 1034 15
1027 1035 15
1028 1029 15
1028 1030 15
1028 1031 15
1028 1032 15
1028 1033 15
1028 1034 15
1028 1035 15
1029 1030 15
1029 1031 15
1029 1032 15
1029 1033 15
1029 1034 15
1029 1035 15
1030 1031 15
1030 1032 15
1030 1033 15
1030 1034 15
1030 1035 15
1031 1032 15
1031 1033 15
1031 1034 15
1031 1035 15
1032 1033 15
1032 1034 15
1032 1035 15
1033 1034 15
1033 1035 15
1034 1035 15
306 293 15
306 308 15
293 308 15
1036 1037 15
1038 79 15
1038 80 15
79 80 15
1040 1041 15
1042 1043 15
1044 1045 15
1044 1046 15
1045 1046 15
1047 1048 15
1049 1050 15
1051 1052 15
1053 1054 15
1053 1055 15
1054 1055 15
1056 1057 15
1058 1059 15
1058 1060 15
1059 1060 15
1061 1062 15
1061 1063 15
1062 1063 15
1064 1065 15
1064 1066 15
1064 964 15
1065 1066 15
1065 964 15
1066 964 15
1067 1068 15
1069 966 15
1069 962 15
1069 735 15
1069 1070 15
966 962 15
966 735 15
966 1070 15
962 735 15
962 1070 15
735 1070 15
1071 1072 15
1071 1073 15
1072 1073 15
1074 1075 15
1074 102 15
1075 102 15
1076 1077 15
1078 1079 15
1078 1080 15
1078 1081 15
1079 1080 15
1079 1081 15
1080 1081 15
1082 1083 15
1084 1085 15
1084 1086 15
1085 1086 15
1087 1088 15
1087 964 15
1087 1089 15
1088 964 15
1088 1089 15
964 1089 15
1090 1091 15
1092 1093 15
1092 292 15
1092 293 15
1092 307 15
1093 292 15
1093 293 15
1093 307 15
292 293 15
292 307 15
293 307 15
1094 1095 15
1094 1096 15
1094 1097 15
1095 1096 15
1095 1097 15
1096 1097 15
1098 1099 15
1100 943 15
1101 1102 15
1101 1103 15
1101 1104 15
1101 1105 15
1101 68 15
1101 1106 15
1101 1107 15
1102 1103 15
1102 1104 15
1102 1105 15
1102 68 15
1102 1106 15
1102 1107 15
1103 1104 15
1103 1105 15
1103 68 15
1103 1106 15
1103 1107 15
1104 1105 15
1104 68 15
1104 1106 15
1104 1107 15
1105 68 15
1105 1106 15
1105 1107 15
68 1106 15
68 1107 15
1106 1107 15
1108 1109 15
1110 1111 15
1110 1112 15
1111 1112 15
1113 846 15
1114 1115 15
1117 1118 15
1117 1119 15
1118 1119 15
1121 1122 15
1121 1123 15
1122 1123 15
1124 1125 15
1110 1111 15
1126 1127 15
1126 964 15
1126 981 15
1126 966 15
1126 1128 15
1126 1129 15
1126 735 15
1127 964 15
1127 981 15
1127 966 15
1127 1128 15
1127 1129 15
1127 735 15
964 981 15
964 966 15
964 1128 15
964 1129 15
964 735 15
981 966 15
981 1128 15
981 1129 15
981 735 15
966 1128 15
966 1129 15
966 735 15
1128 1129 15
1128 735 15
1129 735 15
1130 1131 15
1130 1132 15
1131 1132 15
1133 1134 15
1133 986 15
1134 986 15
1135 1136 15
1135 1006 15
1135 1007 15
1136 1006 15
1136 1007 15
1006 1007 15
1138 1139 15
1138 1140 15
1139 1140 15
1141 1142 15
1141 1143 15
1141 1144 15
1141 1145 15
1142 1143 15
1142 1144 15
1142 1145 15
1143 1144 15
1143 1145 15
1144 1145 15
1146 1147 15
1146 1148 15
1147 1148 15
1149 1150 15
1149 760 15
1150 760 15
1151 1152 15
1151 878 15
1151 126 15
1152 878 15
1152 126 15
878 126 15
1153 1154 15
1153 1155 15
1153 1156 15
1154 1155 15
1154 1156 15
1155 1156 15
1157 925 15
1158 1159 15
1158 1160 15
1158 1161 15
1159 1160 15
1159 1161 15
1160 1161 15
787 1162 15
787 128 15
1162 128 15
1163 1164 15
1165 1166 15
1167 1168 8
1169 1087 8
1169 964 8
1087 964 8
1172 1173 8
1174 1175 8
1174 1176 8
1174 1177 8
1175 1176 8
1175 1177 8
1176 1177 8
1178 1179 8
1178 1180 8
1178 1181 8
1179 1180 8
1179 1181 8
1180 1181 8
1182 1183 8
1184 1185 8
1186 1187 8
1188 1189 8
1188 1190 8
1188 1191 8
1188 1192 8
1188 1193 8
1188 1194 8
1188 1195 8
1189 1190 8
1189 1191 8
1189 1192 8
1189 1193 8
1189 1194 8
1189 1195 8
1190 1191 8
1190 1192 8
1190 1193 8
1190 1194 8
1190 1195 8
1191 1192 8
1191 1193 8
1191 1194 8
1191 1195 8
1192 1193 8
1192 1194 8
1192 1195 8
1193 1194 8
1193 1195 8
1194 1195 8
1196 1197 8
1196 1198 8
1197 1198 8
1199 1200 8
1199 1201 8
1200 1201 8
1202 1203 8
1202 1204 8
1203 1204 8
1205 1206 8
1205 1207 8
1206 1207 8
1208 1209 8
1210 1211 8
1210 1212 8
1211 1212 8
1213 1214 8
1215 1022 8
1215 1216 8
1215 128 8
1022 1216 8
1022 128 8
1216 128 8
1217 1218 8
1219 1220 8
1221 1222 8
1221 1223 8
1222 1223 8
1224 1225 8
1227 1228 8
1227 1229 8
1228 1229 8
1230 1231 8
1230 1232 8
1230 1233 8
1231 1232 8
1231 1233 8
1232 1233 8
1234 1235 8
1234 1236 8
1234 1237 8
1235 1236 8
1235 1237 8
1236 1237 8
1238 1239 8
1240 1241 8
1242 1243 8
1242 1244 8
1243 1244 8
1245 1246 8
1245 1247 8
1245 1248 8
1245 1249 8
1245 1250 8
1246 1247 8
1246 1248 8
1246 1249 8
1246 1250 8
1247 1248 8
1247 1249 8
1247 1250 8
1248 1249 8
1248 1250 8
1249 1250 8
1251 1252 8
1253 1254 8
1253 1255 8
1253 6 8
1254 1255 8
1254 6 8
1255 6 8
1256 1257 8
1256 1258 8
1257 1258 8
1259 1260 8
1261 1262 8
1263 1264 8
1265 1266 8
1267 1268 8
1267 1269 8
1268 1269 8
1270 1271 8
1272 1273 8
1272 1274 8
1273 1274 8
1275 1276 8
1275 1277 8
1276 1277 8
1278 1279 8
1278 1280 8
1278 1281 8
1279 1280 8
1279 1281 8
1280 1281 8
1282 1283 8
1282 1284 8
1282 1285 8
1283 1284 8
1283 1285 8
1284 1285 8
1286 1287 8
1286 1288 8
1287 1288 8
1289 1290 8
1289 1291 8
1289 1292 8
1289 1293 8
1290 1291 8
1290 1292 8
1290 1293 8
1291 1292 8
1291 1293 8
1292 1293 8
1294 1295 8
1294 1296 8
1294 1297 8
1295 1296 8
1295 1297 8
1296 1297 8
1298 1299 8
1298 1300 8
1299 1300 8
1303 1304 8
1303 1305 8
1304 1305 8
1306 1307 8
1306 1308 8
1306 1309 8
1306 1310 8
1307 1308 8
1307 1309 8
1307 1310 8
1308 1309 8
1308 1310 8
1309 1310 8
1311 1249 8
1311 1312 8
1311 1313 8
1311 1314 8
1249 1312 8
1249 1313 8
1249 1314 8
1312 1313 8
1312 1314 8
1313 1314 8
1315 1316 8
1315 1317 8
1316 1317 8
1318 1319 8
1320 1321 8
1320 1322 8
1321 1322 8
1323 1324 8
1326 1327 8
1326 1328 8
1326 1329 8
1327 1328 8
1327 1329 8
1328 1329 8
1331 1332 8
1331 1333 8
1332 1333 8
1335 1204 8
1335 1336 8
1204 1336 8
1337 1338 8
1339 1340 8
1342 1343 8
1345 1324 8
1346 1347 8
1346 1348 8
1347 1348 8
1350 1351 8
1350 1352 8
1350 1353 8
1350 1354 8
1350 1355 8
1350 1356 8
1350 1357 8
1350 1358 8
1350 1359 8
1350 1360 8
1350 1361 8
1350 1362 8
1350 1330 8
1350 1363 8
1350 1364 8
1350 1365 8
1350 1366 8
1351 1352 8
1351 1353 8
1351 1354 8
1351 1355 8
1351 1356 8
1351 1357 8
1351 1358 8
1351 1359 8
1351 1360 8
1351 1361 8
1351 1362 8
1351 1330 8
1351 1363 8
1351 1364 8
1351 1365 8
1351 1366 8
1352 1353 8
1352 1354 8
1352 1355 8
1352 1356 8
1352 1357 8
1352 1358 8
1352 1359 8
1352 1360 8
1352 1361 8
1352 1362 8
1352 1330 8
1352 1363 8
1352 1364 8
1352 1365 8
1352 1366 8
1353 1354 8
1353 1355 8
1353 1356 8
1353 1357 8
1353 1358 8
1353 1359 8
1353 1360 8
1353 1361 8
1353 1362 8
1353 1330 8
1353 1363 8
1353 1364 8
1353 1365 8
1353 1366 8
1354 1355 8
1354 1356 8
1354 1357 8
1354 1358 8
1354 1359 8
1354 1360 8
1354 1361 8
1354 1362 8
1354 1330 8
1354 1363 8
1354 1364 8
1354 1365 8
1354 1366 8
1355 1356 8
1355 1357 8
1355 1358 8
1355 1359 8
1355 1360 8
1355 1361 8
1355 1362 8
1355 1330 8
1355 1363 8
1355 1364 8
1355 1365 8
1355 1366 8
1356 1357 8
1356 1358 8
1356 1359 8
1356 1360 8
1356 1361 8
1356 1362 8
1356 1330 8
1356 1363 8
1356 1364 8
1356 1365 8
1356 1366 8
1357 1358 8
1357 1359 8
1357 1360 8
1357 1361 8
1357 1362 8
1357 1330 8
1357 1363 8
1357 1364 8
1357 1365 8
1357 1366 8
1358 1359 8
1358 1360 8
1358 1361 8
1358 1362 8
1358 1330 8
1358 1363 8
1358 1364 8
1358 1365 8
1358 1366 8
1359 1360 8
1359 1361 8
1359 1362 8
1359 1330 8
1359 1363 8
1359 1364 8
1359 1365 8
1359 1366 8
1360 1361 8
1360 1362 8
1360 1330 8
1360 1363 8
1360 1364 8
1360 1365 8
1360 1366 8
1361 1362 8
1361 1330 8
1361 1363 8
1361 1364 8
1361 1365 8
1361 1366 8
1362 1330 8
1362 1363 8
1362 1364 8
1362 1365 8
1362 1366 8
1330 1363 8
1330 1364 8
1330 1365 8
1330 1366 8
1363 1364 8
1363 1365 8
1363 1366 8
1364 1365 8
1364 1366 8
1365 1366 8
1368 1369 8
1368 1370 8
1368 1371 8
1369 1370 8
1369 1371 8
1370 1371 8
1374 1375 8
1376 1377 8
1378 1379 8
1243 1380 8
1243 1242 8
1243 1244 8
1380 1242 8
1380 1244 8
1242 1244 8
1381 1382 8
1381 1383 8
1381 1384 8
1381 1385 8
1381 1386 8
1381 1387 8
1382 1383 8
1382 1384 8
1382 1385 8
1382 1386 8
1382 1387 8
1383 1384 8
1383 1385 8
1383 1386 8
1383 1387 8
1384 1385 8
1384 1386 8
1384 1387 8
1385 1386 8
1385 1387 8
1386 1387 8
1388 1389 8
1388 1390 8
1388 1391 8
1389 1390 8
1389 1391 8
1390 1391 8
1392 1393 8
1394 1395 8
1396 1397 8
1396 1398 8
1396 1399 8
1396 1235 8
1396 1400 8
1397 1398 8
1397 1399 8
1397 1235 8
1397 1400 8
1398 1399 8
1398 1235 8
1398 1400 8
1399 1235 8
1399 1400 8
1235 1400 8
1402 1403 8
1402 1271 8
1403 1271 8
1404 1405 8
1406 1407 8
1408 1409 8
1402 1271 8
1411 1412 8
1413 1414 8
1415 1416 8
1415 1417 8
1415 1418 8
1416 1417 8
1416 1418 8
1417 1418 8
1419 1420 8
1419 1077 8
1420 1077 8
1421 1422 8
1421 1423 8
1422 1423 8
1424 1425 8
1424 1426 8
1424 1427 8
1425 1426 8
1425 1427 8
1426 1427 8
1429 1430 8
1429 1431 8
1429 1432 8
1430 1431 8
1430 1432 8
1431 1432 8
1433 1214 8
1191 1434 8
1191 1188 8
1191 1435 8
1191 1195 8
1434 1188 8
1434 1435 8
1434 1195 8
1188 1435 8
1188 1195 8
1435 1195 8
1437 1271 8
1438 1439 8
1438 1440 8
1438 1441 8
1438 1442 8
1439 1440 8
1439 1441 8
1439 1442 8
1440 1441 8
1440 1442 8
1441 1442 8
1426 1425 8
1426 1427 8
1426 1424 8
1425 1427 8
1425 1424 8
1427 1424 8
1443 1444 8
1445 1304 8
1446 1447 8
1446 1448 8
1446 1431 8
1446 1449 8
1446 1430 8
1446 1429 8
1447 1448 8
1447 1431 8
1447 1449 8
1447 1430 8
1447 1429 8
1448 1431 8
1448 1449 8
1448 1430 8
1448 1429 8
1431 1449 8
1431 1430 8
1431 1429 8
1449 1430 8
1449 1429 8
1430 1429 8
1450 1451 8
1450 1452 8
1451 1452 8
1453 1454 8
1453 1455 8
1454 1455 8
1456 1235 8
1457 1223 8
1458 1459 8
1460 1461 8
1460 1462 8
1460 1463 8
1461 1462 8
1461 1463 8
1462 1463 8
1259 1260 8
1465 1168 8
1466 1194 8
1468 1469 8
1468 1470 8
1468 1198 8
1469 1470 8
1469 1198 8
1470 1198 8
1471 1472 8
1471 1473 8
1472 1473 8
1262 1474 8
1262 1475 8
1474 1475 8
1476 1307 8
1476 1477 8
1476 1310 8
1476 1309 8
1307 1477 8
1307 1310 8
1307 1309 8
1477 1310 8
1477 1309 8
1310 1309 8
1478 1479 8
1478 1480 8
1479 1480 8
1481 1482 8
1110 1111 8
1110 1112 8
1111 1112 8
1484 1485 8
1487 1488 8
1489 1490 8
1489 1491 8
1490 1491 8
1492 1493 8
1494 1183 8
1495 1496 8
1495 1497 8
1496 1497 8
1498 1499 8
1498 1500 8
1498 1501 8
1498 1502 8
1499 1500 8
1499 1501 8
1499 1502 8
1500 1501 8
1500 1502 8
1501 1502 8
1505 1506 8
1260 1507 8
1260 1508 8
1507 1508 8
1510 1511 8
1400 1512 8
1400 1235 8
1512 1235 8
1513 1257 8
1514 1515 8
1514 1516 8
1514 1517 8
1514 1518 8
1514 1519 8
1514 1520 8
1514 1521 8
1514 1522 8
1514 1523 8
1515 1516 8
1515 1517 8
1515 1518 8
1515 1519 8
1515 1520 8
1515 1521 8
1515 1522 8
1515 1523 8
1516 1517 8
1516 1518 8
1516 1519 8
1516 1520 8
1516 1521 8
1516 1522 8
1516 1523 8
1517 1518 8
1517 1519 8
1517 1520 8
1517 1521 8
1517 1522 8
1517 1523 8
1518 1519 8
1518 1520 8
1518 1521 8
1518 1522 8
1518 1523 8
1519 1520 8
1519 1521 8
1519 1522 8
1519 1523 8
1520 1521 8
1520 1522 8
1520 1523 8
1521 1522 8
1521 1523 8
1522 1523 8
1524 1483 8
1524 1525 8
1524 1526 8
1483 1525 8
1483 1526 8
1525 1526 8
1527 1528 8
1527 1529 8
1527 1530 8
1527 1531 8
1527 1532 8
1527 1203 8
1527 1533 8
1527 1534 8
1527 1535 8
1527 1536 8
1528 1529 8
1528 1530 8
1528 1531 8
1528 1532 8
1528 1203 8
1528 1533 8
1528 1534 8
1528 1535 8
1528 1536 8
1529 1530 8
1529 1531 8
1529 1532 8
1529 1203 8
1529 1533 8
1529 1534 8
1529 1535 8
1529 1536 8
1530 1531 8
1530 1532 8
1530 1203 8
1530 1533 8
1530 1534 8
1530 1535 8
1530 1536 8
1531 1532 8
1531 1203 8
1531 1533 8
1531 1534 8
1531 1535 8
1531 1536 8
1532 1203 8
1532 1533 8
1532 1534 8
1532 1535 8
1532 1536 8
1203 1533 8
1203 1534 8
1203 1535 8
1203 1536 8
1533 1534 8
1533 1535 8
1533 1536 8
1534 1535 8
1534 1536 8
1535 1536 8
1537 1538 8
1239 1271 8
1239 1539 8
1271 1539 8
1540 1541 8
1542 1543 8
1542 1544 8
1543 1544 8
1545 1546 8
1547 1548 8
1547 1549 8
1548 1549 8
1550 1551 8
1550 1552 8
1550 1553 8
1550 1554 8
1551 1552 8
1551 1553 8
1551 1554 8
1552 1553 8
1552 1554 8
1553 1554 8
1555 1393 8
1556 1419 8
1557 1558 8
1557 1559 8
1557 1560 8
1557 1561 8
1557 1562 8
1557 1563 8
1558 1559 8
1558 1560 8
1558 1561 8
1558 1562 8
1558 1563 8
1559 1560 8
1559 1561 8
1559 1562 8
1559 1563 8
1560 1561 8
1560 1562 8
1560 1563 8
1561 1562 8
1561 1563 8
1562 1563 8
1564 1565 8
1564 1566 8
1564 1567 8
1565 1566 8
1565 1567 8
1566 1567 8
1568 1569 8
1568 1570 8
1569 1570 8
1571 1572 8
1573 1574 8
1556 1419 8
1575 1576 8
1575 1577 8
1575 1578 8
1576 1577 8
1576 1578 8
1577 1578 8
1579 1580 8
1579 1581 8
1580 1581 8
1582 1583 8
1582 1584 8
1582 1585 8
1583 1584 8
1583 1585 8
1584 1585 8
1586 1587 8
1586 1588 8
1586 1589 8
1586 1590 8
1587 1588 8
1587 1589 8
1587 1590 8
1588 1589 8
1588 1590 8
1589 1590 8
1591 1183 8
1592 1593 8
1592 1594 8
1592 1595 8
1592 186 8
1592 1596 8
1593 1594 8
1593 1595 8
1593 186 8
1593 1596 8
1594 1595 8
1594 186 8
1594 1596 8
1595 186 8
1595 1596 8
186 1596 8
1478 1480 8
1478 1479 8
1480 1479 8
1258 1257 8
1258 1597 8
1258 1256 8
1257 1597 8
1257 1256 8
1597 1256 8
1485 1600 8
1587 1601 8
1587 1602 8
1601 1602 8
1603 1604 8
1605 1215 8
1606 1607 8
1608 1609 8
1608 1610 8
1608 1611 8
1608 1612 8
1608 1613 8
1609 1610 8
1609 1611 8
1609 1612 8
1609 1613 8
1610 1611 8
1610 1612 8
1610 1613 8
1611 1612 8
1611 1613 8
1612 1613 8
1614 1615 8
1616 1617 8
1616 1618 8
1616 1619 8
1616 1620 8
1616 1621 8
1616 1622 8
1617 1618 8
1617 1619 8
1617 1620 8
1617 1621 8
1617 1622 8
1618 1619 8
1618 1620 8
1618 1621 8
1618 1622 8
1619 1620 8
1619 1621 8
1619 1622 8
1620 1621 8
1620 1622 8
1621 1622 8
1623 1624 8
1625 1626 8
1627 1628 8
1627 1629 8
1628 1629 8
1631 1632 8
1631 1633 8
1631 1634 8
1632 1633 8
1632 1634 8
1633 1634 8
195 1635 3
195 1636 3
1635 1636 3
97 96 3
610 1637 3
276 1639 3
276 1640 3
276 274 3
1639 1640 3
1639 274 3
1640 274 3
1641 1642 3
1644 1645 3
1644 273 3
1645 273 3
1646 1647 3
1646 1648 3
1646 1649 3
1647 1648 3
1647 1649 3
1648 1649 3
1650 1651 3
1650 1652 3
1651 1652 3
1653 1654 3
567 569 3
567 571 3
569 571 3
1655 1656 3
1658 1659 3
1658 1660 3
1659 1660 3
332 1661 3
1662 1663 3
1664 1665 3
200 1666 3
200 201 3
1666 201 3
1640 1667 3
1640 319 3
1640 763 3
1667 319 3
1667 763 3
319 763 3
1640 1669 3
1640 1670 3
1640 1671 3
1640 1672 3
1669 1670 3
1669 1671 3
1669 1672 3
1670 1671 3
1670 1672 3
1671 1672 3
1673 744 3
1673 1674 3
744 1674 3
1676 1677 3
1678 1679 3
1678 1667 3
1679 1667 3
714 658 3
65 68 3
65 277 3
68 277 3
1673 744 3
1673 1680 3
1673 1681 3
1673 1682 3
744 1680 3
744 1681 3
744 1682 3
1680 1681 3
1680 1682 3
1681 1682 3
1683 603 3
1683 563 3
603 563 3
1684 1685 3
1687 1337 3
1687 1688 3
1687 1689 3
1337 1688 3
1337 1689 3
1688 1689 3
1690 1691 19
1331 1692 19
1693 1694 19
1693 1695 19
1693 1696 19
1693 1697 19
1694 1695 19
1694 1696 19
1694 1697 19
1695 1696 19
1695 1697 19
1696 1697 19
1698 1699 19
1698 1700 19
1699 1700 19
1701 1702 19
1704 1705 19
1704 616 19
1704 1707 19
1704 1663 19
1704 1708 19
1704 1705 19
616 1707 19
616 1663 19
616 1708 19
616 1705 19
1707 1663 19
1707 1708 19
1707 1705 19
1663 1708 19
1663 1705 19
1708 1705 19
1709 1710 19
1711 1712 19
1711 1663 19
1711 1661 19
1712 1663 19
1712 1661 19
1663 1661 19
1637 1714 19
1637 1715 19
1714 1715 19
1708 1716 19
1683 1717 19
1683 1718 19
1717 1718 19
1719 1720 19
1723 1724 19
1726 1692 19
1728 1729 19
1728 1719 19
1728 1730 19
1728 1731 19
1728 1732 19
1729 1719 19
1729 1730 19
1729 1731 19
1729 1732 19
1719 1730 19
1719 1731 19
1719 1732 19
1730 1731 19
1730 1732 19
1731 1732 19
1733 1734 19
1735 1736 19
1737 1738 19
1739 1740 19
1744 1745 19
1748 1749 19
1750 1751 19
1750 1752 19
1750 1753 19
1751 1752 19
1751 1753 19
1752 1753 19
1754 1697 19
1754 1755 19
1697 1755 19
1756 1729 19
1757 1758 19
1757 1759 19
1758 1759 19
1760 1720 19
1711 1663 19
1711 1761 19
1663 1761 19
1762 1763 19
1762 1764 19
1763 1764 19
1765 1766 19
1765 1767 19
1765 1768 19
1766 1767 19
1766 1768 19
1767 1768 19
1769 1770 19
1769 1771 19
1770 1771 19
1773 1774 19
1776 1777 19
1776 1778 19
1777 1778 19
1779 1780 19
1781 1782 19
1781 1702 19
1782 1702 19
1712 1783 19
1712 1784 19
1783 1784 19
1785 1786 19
1788 1789 19
1788 1790 19
1789 1790 19
1791 1792 19
1791 1793 19
1792 1793 19
1794 1795 19
1796 1797 19
1796 1798 19
1796 1799 19
1797 1798 19
1797 1799 19
1798 1799 19
1800 1801 19
1802 1714 19
1802 1803 19
1802 1804 19
1714 1803 19
1714 1804 19
1803 1804 19
1805 1806 19
1807 1808 19
1807 1809 19
1807 1736 19
1808 1809 19
1808 1736 19
1809 1736 19
1810 1811 19
1812 1813 19
1814 1815 19
1816 1817 19
1816 1818 19
1816 1664 19
1817 1818 19
1817 1664 19
1818 1664 19
1819 1820 19
1822 1669 19
1822 1823 19
1669 1823 19
1824 1825 19
1827 1828 19
627 1829 1
627 626 1
1829 626 1
97 96 1
1830 212 1
1830 895 1
212 895 1
1831 1832 1
1831 1833 1
1831 1834 1
1832 1833 1
1832 1834 1
1833 1834 1
572 891 1
572 573 1
572 906 1
891 573 1
891 906 1
573 906 1
1836 1837 1
1838 1839 1
1838 1840 1
1839 1840 1
267 23 1
267 265 1
23 265 1
1841 207 1
1841 1842 1
207 1842 1
1843 194 1
1844 1845 1
1846 90 1
1846 301 1
1846 1847 1
90 301 1
90 1847 1
301 1847 1
29 30 1
29 31 1
29 1848 1
30 31 1
30 1848 1
31 1848 1
1849 332 1
1849 690 1
1849 707 1
332 690 1
332 707 1
690 707 1
1850 1851 1
1850 1852 1
1850 1853 1
1850 1854 1
1850 1855 1
1851 1852 1
1851 1853 1
1851 1854 1
1851 1855 1
1852 1853 1
1852 1854 1
1852 1855 1
1853 1854 1
1853 1855 1
1854 1855 1
1856 1857 1
1856 1858 1
1857 1858 1
1859 1860 1
1859 103 1
1859 1861 1
1859 1862 1
1859 1863 1
1860 103 1
1860 1861 1
1860 1862 1
1860 1863 1
103 1861 1
103 1862 1
103 1863 1
1861 1862 1
1861 1863 1
1862 1863 1
833 41 1
833 42 1
833 43 1
41 42 1
41 43 1
42 43 1
1864 1865 1
1864 1866 1
1865 1866 1
1867 1868 1
1867 1869 1
1868 1869 1
1648 1870 1
1648 1871 1
1870 1871 1
851 855 1
851 39 1
851 1872 1
855 39 1
855 1872 1
39 1872 1
1873 731 1
1874 199 1
1874 1875 1
1874 740 1
1874 1876 1
199 1875 1
199 740 1
199 1876 1
1875 740 1
1875 1876 1
740 1876 1
1877 1878 1
1879 237 1
1880 1881 1
1882 1883 1
1882 1884 1
1882 113 1
1883 1884 1
1883 113 1
1884 113 1
772 773 1
772 1885 1
773 1885 1
1886 1887 1
1888 1889 1
1888 1890 1
1888 860 1
1889 1890 1
1889 860 1
1890 860 1
1891 1892 1
1893 106 1
1893 207 1
106 207 1
1894 1895 1
1894 1896 1
1894 1897 1
1894 1898 1
1895 1896 1
1895 1897 1
1895 1898 1
1896 1897 1
1896 1898 1
1897 1898 1
1899 1900 1
1901 165 1
1901 166 1
165 166 1
787 128 1
787 759 1
128 759 1
1902 1903 1
1902 1904 1
1902 1905 1
1902 1906 1
1902 1907 1
1902 1908 1
1903 1904 1
1903 1905 1
1903 1906 1
1903 1907 1
1903 1908 1
1904 1905 1
1904 1906 1
1904 1907 1
1904 1908 1
1905 1906 1
1905 1907 1
1905 1908 1
1906 1907 1
1906 1908 1
1907 1908 1
1909 1856 1
1910 1911 1
1910 1912 1
1910 1913 1
1911 1912 1
1911 1913 1
1912 1913 1
1914 1915 1
223 224 1
1916 1668 1
1916 318 1
1916 1917 1
1668 318 1
1668 1917 1
318 1917 1
574 128 1
1918 1897 1
1918 1919 1
1897 1919 1
1920 162 1
292 293 1
292 294 1
292 295 1
293 294 1
293 295 1
294 295 1
1921 1898 1
1921 1922 1
1898 1922 1
1923 1924 1
1925 1926 1
1927 293 1
1927 308 1
293 308 1
706 332 1
706 707 1
332 707 1
1928 1929 1
329 330 1
1931 1932 1
1931 123 1
1932 123 1
1933 334 1
1933 265 1
1933 35 1
334 265 1
334 35 1
265 35 1
1934 1935 1
1934 14 1
1935 14 1
1936 1937 1
1936 1938 1
1936 1939 1
1937 1938 1
1937 1939 1
1938 1939 1
1940 1941 20
1942 1943 20
1655 1944 20
1655 1945 20
1944 1945 20
1946 1947 20
1940 1948 20
1940 1949 20
1948 1949 20
1950 1951 20
1798 1799 20
1952 1953 20
1691 1955 20
1956 1957 20
1958 1959 20
1958 1960 20
1958 1961 20
1959 1960 20
1959 1961 20
1960 1961 20
1705 1963 20
1964 1965 20
1964 1966 20
1964 1967 20
1965 1966 20
1965 1967 20
1966 1967 20
1969 1970 20
1971 1972 20
1973 1974 20
1713 1821 20
1975 1976 20
1975 1977 20
1975 1699 20
1976 1977 20
1976 1699 20
1977 1699 20
1825 1978 20
1979 1980 20
1979 1981 20
1979 1982 20
1979 1983 20
1980 1981 20
1980 1982 20
1980 1983 20
1981 1982 20
1981 1983 20
1982 1983 20
1756 1985 20
1986 1987 20
1986 1988 20
1987 1988 20
1989 1990 20
1989 1724 20
1990 1724 20
1991 1992 20
1991 1993 20
1992 1993 20
1785 1786 20
1785 1994 20
1786 1994 20
1995 1996 20
1997 1998 20
1997 1999 20
1998 1999 20
1980 1981 20
1980 2000 20
1980 1982 20
1981 2000 20
1981 1982 20
2000 1982 20
1726 2001 20
2002 2003 20
2002 2004 20
2003 2004 20
2005 1736 20
2005 2006 20
1736 2006 20
1793 1968 20
1793 1791 20
1968 1791 20
2008 1987 20
2008 2009 20
2008 2010 20
2008 1771 20
2008 1721 20
1987 2009 20
1987 2010 20
1987 1771 20
1987 1721 20
2009 2010 20
2009 1771 20
2009 1721 20
2010 1771 20
2010 1721 20
1771 1721 20
2012 2013 20
2012 1663 20
2013 1663 20
1733 1734 20
1727 2015 20
2016 2017 20
2016 24 20
2017 24 20
2018 2019 20
2020 2021 20
2020 1810 20
2021 1810 20
1990 2022 20
708 1637 20
1047 2023 20
1726 1756 20
1726 1827 20
1726 2024 20
1726 1705 20
1756 1827 20
1756 2024 20
1756 1705 20
1827 2024 20
1827 1705 20
2024 1705 20
2025 1962 20
2025 1721 20
1962 1721 20
2026 2027 20
1824 1825 20
2028 2029 20
2031 2032 20
2031 2033 20
2031 2034 20
2031 2035 20
2032 2033 20
2032 2034 20
2032 2035 20
2033 2034 20
2033 2035 20
2034 2035 20
1690 1757 20
2036 2037 20
2038 1691 20
2039 2040 20
2039 2041 20
2040 2041 20
2042 2043 20
2042 2044 20
2043 2044 20
2047 2048 20
2049 2050 20
2051 2052 20
2053 2054 20
2055 2056 20
2057 2058 20
2057 1712 20
2057 2059 20
2057 2060 20
2058 1712 20
2058 2059 20
2058 2060 20
1712 2059 20
1712 2060 20
2059 2060 20
1655 2061 20
1655 2062 20
2061 2062 20
2064 2065 20
1738 2066 20
1738 1823 20
1738 2067 20
2066 1823 20
2066 2067 20
1823 2067 20
2069 2070 20
2069 2071 20
2069 2072 20
2070 2071 20
2070 2072 20
2071 2072 20
1946 1947 20
1794 2073 20
1794 2074 20
1794 2075 20
2073 2074 20
2073 2075 20
2074 2075 20
2076 1821 20
2077 2078 20
2077 2079 20
2078 2079 20
2080 1996 20
1331 2081 20
1331 2082 20
2081 2082 20
1733 1794 20
1733 2083 20
1733 1734 20
1794 2083 20
1794 1734 20
2083 1734 20
2084 2085 20
2084 2086 20
2085 2086 20
2087 2088 20
2087 1757 20
2088 1757 20
2089 2090 20
2089 2091 20
2090 2091 20
2092 2093 20
1825 2094 20
1825 1978 20
1825 2095 20
2094 1978 20
2094 2095 20
1978 2095 20
2096 2097 20
1333 2099 20
1333 2100 20
2099 2100 20
1816 2079 20
2101 2102 20
2103 2104 20
2103 2105 20
2104 2105 20
2106 2107 20
2106 1967 20
2106 2108 20
2106 2109 20
2107 1967 20
2107 2108 20
2107 2109 20
1967 2108 20
1967 2109 20
2108 2109 20
2110 2111 20
2112 2113 20
2112 2114 20
2113 2114 20
2115 2116 20
1822 2013 20
1822 1663 20
1822 2117 20
2013 1663 20
2013 2117 20
1663 2117 20
2118 2119 20
2118 2120 20
2118 2121 20
2118 2122 20
2118 2123 20
2118 2124 20
2119 2120 20
2119 2121 20
2119 2122 20
2119 2123 20
2119 2124 20
2120 2121 20
2120 2122 20
2120 2123 20
2120 2124 20
2121 2122 20
2121 2123 20
2121 2124 20
2122 2123 20
2122 2124 20
2123 2124 20
1825 2125 20
1825 2126 20
2125 2126 20
2010 2127 20
2128 2129 20
2130 2131 20
2130 2132 20
2131 2132 20
2133 2032 20
2134 2135 20
2134 2136 20
2135 2136 20
1825 2137 20
1825 1824 20
2137 1824 20
2138 1759 20
2138 2139 20
1759 2139 20
2140 2141 20
2140 2142 20
2141 2142 20
2143 1945 20
2144 2145 20
2144 2146 20
2145 2146 20
2147 1724 20
2041 2148 20
2149 2150 20
2149 2151 20
2150 2151 20
711 2153 20
711 2154 20
711 2155 20
2153 2154 20
2153 2155 20
2154 2155 20
2156 2157 20
2156 1763 20
2157 1763 20
2158 2159 20
2158 2160 20
2158 2161 20
2159 2160 20
2159 2161 20
2160 2161 20
2164 2165 20
2166 2167 20
2169 1669 20
2170 2171 20
2170 1813 20
2171 1813 20
2172 2173 20
1333 2099 20
1333 2100 20
1333 2142 20
2099 2100 20
2099 2142 20
2100 2142 20
314 715 20
2174 2175 20
2174 2122 20
2175 2122 20
2063 2016 18
2177 2082 18
1816 2077 18
1816 2097 18
2077 2097 18
1698 2178 18
1698 2179 18
2178 2179 18
2180 2181 18
2180 1735 18
2180 1736 18
2181 1735 18
2181 1736 18
1735 1736 18
2182 2183 18
2184 2185 18
2187 2188 18
1704 1705 18
2011 1759 18
1661 2190 18
1661 1951 18
2190 1951 18
1723 1724 18
1796 1798 18
1796 1799 18
1798 1799 18
2010 2127 18
2010 1947 18
2010 1692 18
2127 1947 18
2127 1692 18
1947 1692 18
2191 2192 18
2191 1691 18
2191 2176 18
1691 2176 18
2193 2194 18
2193 2195 18
2193 2196 18
2193 2197 18
2194 2195 18
2194 2196 18
2194 2197 18
2195 2196 18
2195 2197 18
2196 2197 18
2198 2199 18
2198 2200 18
2199 2200 18
2201 2186 18
711 313 18
711 606 18
711 2202 18
313 606 18
313 2202 18
606 2202 18
2203 2183 18
2204 2205 18
2206 1957 18
2206 1702 18
1957 1702 18
2207 2208 18
2209 2210 18
1825 2211 18
1825 2125 18
1825 1824 18
2211 2125 18
2211 1824 18
2125 1824 18
1711 1663 18
1711 1761 18
1663 1761 18
2058 2212 18
1785 1994 18
1785 2213 18
1994 2213 18
1704 616 18
1704 1663 18
1704 1705 18
616 1663 18
616 1705 18
1663 1705 18
2214 2215 18
2214 2216 18
2214 2217 18
2215 2216 18
2215 2217 18
2216 2217 18
1683 1717 18
1683 2010 18
1683 1669 18
1717 2010 18
1717 1669 18
2010 1669 18
2218 2219 18
2218 2220 18
2219 2220 18
2206 2222 18
2206 2223 18
2206 1722 18
2222 2223 18
2222 1722 18
2223 1722 18
2224 1803 18
2225 2226 18
2225 1759 18
2226 1759 18
2228 2183 18
2229 1691 18
2229 1955 18
1691 1955 18
1740 1969 18
1740 2225 18
1740 2230 18
1969 2225 18
1969 2230 18
2225 2230 18
2232 2233 18
2232 1774 18
2233 1774 18
2234 2235 18
2234 2236 18
2235 2236 18
2237 2238 18
2237 2051 18
2237 2052 18
2238 2051 18
2238 2052 18
2051 2052 18
2239 2240 18
2239 1968 18
2240 1968 18
2007 2141 18
2007 1670 18
2141 1670 18
2241 2232 18
2241 1785 18
2241 1721 18
2241 2213 18
2241 1962 18
2232 1785 18
2232 1721 18
2232 2213 18
2232 1962 18
1785 1721 18
1785 2213 18
1785 1962 18
1721 2213 18
1721 1962 18
2213 1962 18
2242 1807 18
2242 1808 18
1807 1808 18
1793 1968 18
2228 2243 18
2228 2244 18
2228 2245 18
2228 2246 18
2228 2183 18
2243 2244 18
2243 2245 18
2243 2246 18
2243 2183 18
2244 2245 18
2244 2246 18
2244 2183 18
2245 2246 18
2245 2183 18
2246 2183 18
2247 1826 18
2247 2248 18
1826 2248 18
2249 2250 18
2251 2252 14
2253 2254 14
2253 2255 14
2254 2255 14
2256 2257 14
2256 180 14
2256 2258 14
2256 2259 14
2257 180 14
2257 2258 14
2257 2259 14
180 2258 14
180 2259 14
2258 2259 14
1074 1075 14
1074 102 14
1074 2260 14
1075 102 14
1075 2260 14
102 2260 14
1410 2261 14
1410 2262 14
1410 2263 14
2261 2262 14
2261 2263 14
2262 2263 14
2264 2265 14
2266 2267 14
2268 2269 14
2268 2270 14
2269 2270 14
2271 2272 14
2271 2273 14
2272 2273 14
574 126 14
574 132 14
574 128 14
126 132 14
126 128 14
132 128 14
2274 2275 14
2274 2276 14
2274 2277 14
2275 2276 14
2275 2277 14
2276 2277 14
2278 2279 14
41 43 14
41 885 14
43 885 14
2280 132 14
2280 924 14
132 924 14
2281 2282 14
2281 2283 14
2282 2283 14
2284 2285 14
2287 2288 14
2287 2289 14
2288 2289 14
2290 2291 14
2290 2292 14
2290 2293 14
2290 2294 14
2291 2292 14
2291 2293 14
2291 2294 14
2292 2293 14
2292 2294 14
2293 2294 14
2295 2251 14
2295 2296 14
2295 2297 14
2251 2296 14
2251 2297 14
2296 2297 14
2281 2298 14
2281 2299 14
2281 2300 14
2298 2299 14
2298 2300 14
2299 2300 14
2301 2302 14
2303 2304 14
2306 2307 14
2306 2308 14
2307 2308 14
2309 2310 14
1068 1067 14
1068 2311 14
1067 2311 14
2313 2314 14
2313 126 14
2314 126 14
2315 2316 14
2315 126 14
2316 126 14
2317 1844 14
2317 2318 14
2317 2319 14
1844 2318 14
1844 2319 14
2318 2319 14
2320 2321 14
2320 2322 14
2321 2322 14
2323 2324 14
2323 2325 14
2323 2326 14
2324 2325 14
2324 2326 14
2325 2326 14
2327 2328 14
2327 2329 14
2328 2329 14
2330 2331 14
2330 126 14
2331 126 14
1841 1166 14
1841 831 14
1166 831 14
2332 2333 14
2332 2334 14
2333 2334 14
2335 658 14
2336 2285 14
2336 2337 14
2336 2338 14
2285 2337 14
2285 2338 14
2337 2338 14
102 2339 14
102 2340 14
2339 2340 14
2341 2342 14
2341 2343 14
2341 2344 14
2342 2343 14
2342 2344 14
2343 2344 14
2345 11 14
2346 2347 14
2348 2285 14
2348 2349 14
2285 2349 14
1410 1599 14
2351 2352 14
2351 2353 14
2351 102 14
2352 2353 14
2352 102 14
2353 102 14
2354 2355 14
2354 2356 14
2355 2356 14
2357 2358 14
2357 2359 14
2358 2359 14
1488 2360 14
1488 2361 14
1488 2362 14
1488 2363 14
2360 2361 14
2360 2362 14
2360 2363 14
2361 2362 14
2361 2363 14
2362 2363 14
2364 2365 14
2295 2251 14
2295 2297 14
2251 2297 14
2366 2367 14
2366 2368 14
2367 2368 14
2369 2370 14
2371 104 14
2371 19 14
2371 2372 14
104 19 14
104 2372 14
19 2372 14
1062 73 14
1062 74 14
1062 2373 14
73 74 14
73 2373 14
74 2373 14
1409 2374 14
1409 2375 14
1409 2376 14
1409 2377 14
2374 2375 14
2374 2376 14
2374 2377 14
2375 2376 14
2375 2377 14
2376 2377 14
2378 1215 14
2378 2379 14
2378 2380 14
1215 2379 14
1215 2380 14
2379 2380 14
2381 102 14
2382 997 14
2382 2383 14
2382 127 14
997 2383 14
997 127 14
2383 127 14
2384 188 14
2384 572 14
188 572 14
845 180 14
845 2386 14
845 2387 14
845 846 14
180 2386 14
180 2387 14
180 846 14
2386 2387 14
2386 846 14
2387 846 14
2388 2389 14
2320 2322 14
2320 2296 14
2320 1072 14
2320 2321 14
2320 2297 14
2322 2296 14
2322 1072 14
2322 2321 14
2322 2297 14
2296 1072 14
2296 2321 14
2296 2297 14
1072 2321 14
1072 2297 14
2321 2297 14
2390 2391 14
2392 2393 14
2392 1670 14
2392 2394 14
2393 1670 14
2393 2394 14
1670 2394 14
2395 2287 14
2395 2396 14
2395 2397 14
2395 2353 14
2287 2396 14
2287 2397 14
2287 2353 14
2396 2397 14
2396 2353 14
2397 2353 14
2398 2399 14
2402 2403 14
2402 2285 14
2403 2285 14
2404 2405 14
2404 960 14
2405 960 14
2406 2407 14
2406 2408 14
2406 2409 14
2407 2408 14
2407 2409 14
2408 2409 14
686 2410 14
686 2411 14
686 2412 14
2410 2411 14
2410 2412 14
2411 2412 14
2296 2413 14
2296 2251 14
2296 2297 14
2413 2251 14
2413 2297 14
2251 2297 14
2414 243 14
2414 2415 14
2414 2416 14
243 2415 14
243 2416 14
2415 2416 14
833 42 14
833 834 14
833 835 14
833 836 14
42 834 14
42 835 14
42 836 14
834 835 14
834 836 14
835 836 14
1844 2417 14
1844 123 14
1844 2418 14
1844 91 14
1844 2318 14
2417 123 14
2417 2418 14
2417 91 14
2417 2318 14
123 2418 14
123 91 14
123 2318 14
2418 91 14
2418 2318 14
91 2318 14
2419 2420 14
2419 2421 14
2420 2421 14
965 962 14
965 963 14
965 964 14
965 2422 14
965 966 14
965 1129 14
965 2423 14
965 735 14
965 2424 14
962 963 14
962 964 14
962 2422 14
962 966 14
962 1129 14
962 2423 14
962 735 14
962 2424 14
963 964 14
963 2422 14
963 966 14
963 1129 14
963 2423 14
963 735 14
963 2424 14
964 2422 14
964 966 14
964 1129 14
964 2423 14
964 735 14
964 2424 14
2422 966 14
2422 1129 14
2422 2423 14
2422 735 14
2422 2424 14
966 1129 14
966 2423 14
966 735 14
966 2424 14
1129 2423 14
1129 735 14
1129 2424 14
2423 735 14
2423 2424 14
735 2424 14
1669 2425 14
1669 1671 14
2425 1671 14
2426 126 14
2426 127 14
126 127 14
2427 2428 14
42 834 14
42 2429 14
834 2429 14
2430 2431 14
2432 2433 14
2432 2434 14
2432 2435 14
2433 2434 14
2433 2435 14
2434 2435 14
2436 2437 14
2436 2438 14
2437 2438 14
2439 951 14
2395 2283 14
2440 2441 14
2440 2442 14
2441 2442 14
2443 2444 14
2445 2446 14
2445 1115 14
2446 1115 14
1325 1349 14
1325 1097 14
1349 1097 14
2447 831 14
2448 2405 14
2448 2449 14
2405 2449 14
1088 180 14
1088 2450 14
1088 1848 14
180 2450 14
180 1848 14
2450 1848 14
2451 2452 14
2451 2453 14
2451 2454 14
2451 2455 14
2451 2456 14
2451 2457 14
2451 2458 14
2452 2453 14
2452 2454 14
2452 2455 14
2452 2456 14
2452 2457 14
2452 2458 14
2453 2454 14
2453 2455 14
2453 2456 14
2453 2457 14
2453 2458 14
2454 2455 14
2454 2456 14
2454 2457 14
2454 2458 14
2455 2456 14
2455 2457 14
2455 2458 14
2456 2457 14
2456 2458 14
2457 2458 14
2459 2460 14
2461 2462 14
2461 2355 14
2461 2463 14
2462 2355 14
2462 2463 14
2355 2463 14
2464 2465 14
2464 2308 14
2465 2308 14
728 2466 14
728 1466 14
728 2467 14
728 2468 14
2466 1466 14
2466 2467 14
2466 2468 14
1466 2467 14
1466 2468 14
2467 2468 14
1605 1215 14
2471 2472 14
2473 2474 14
2473 2475 14
2474 2475 14
2476 2477 14
2478 2479 14
1020 997 14
1020 127 14
997 127 14
2480 2481 12
2483 2484 12
1129 2486 12
1129 2487 12
2486 2487 12
1082 1083 12
1082 2488 12
1083 2488 12
2252 2489 12
2252 2490 12
2489 2490 12
2491 2492 12
2493 2494 12
2493 2357 12
2494 2357 12
2495 2496 12
2497 2481 12
2498 2490 12
2498 2481 12
2498 2499 12
2490 2481 12
2490 2499 12
2481 2499 12
2500 2501 12
2494 2357 12
2500 2501 12
2502 2503 12
2252 2490 12
2504 2505 12
2506 2507 12
2506 2508 12
2507 2508 12
2509 2510 12
2509 2511 12
2510 2511 12
2512 2513 12
2514 2515 12
2517 2518 12
2517 2519 12
2518 2519 12
2521 2522 12
2521 2523 12
2522 2523 12
2524 2525 12
2526 2527 12
2526 2357 12
2527 2357 12
2528 1005 12
2529 2530 12
2529 2531 12
2529 2532 12
2530 2531 12
2530 2532 12
2531 2532 12
2533 1544 12
2534 2535 12
2534 2536 12
2535 2536 12
2537 2538 12
2539 2540 12
2539 2541 12
2539 1336 12
2540 2541 12
2540 1336 12
2541 1336 12
2542 2543 12
2544 2545 12
2544 2441 12
2544 2546 12
2544 2547 12
2545 2441 12
2545 2546 12
2545 2547 12
2441 2546 12
2441 2547 12
2546 2547 12
2538 2548 12
2549 2519 12
2550 2551 12
2550 2552 12
2550 2553 12
2550 2554 12
2550 2555 12
2550 2556 12
2550 2557 12
2550 2558 12
2550 2559 12
2550 2560 12
2550 2561 12
2551 2552 12
2551 2553 12
2551 2554 12
2551 2555 12
2551 2556 12
2551 2557 12
2551 2558 12
2551 2559 12
2551 2560 12
2551 2561 12
2552 2553 12
2552 2554 12
2552 2555 12
2552 2556 12
2552 2557 12
2552 2558 12
2552 2559 12
2552 2560 12
2552 2561 12
2553 2554 12
2553 2555 12
2553 2556 12
2553 2557 12
2553 2558 12
2553 2559 12
2553 2560 12
2553 2561 12
2554 2555 12
2554 2556 12
2554 2557 12
2554 2558 12
2554 2559 12
2554 2560 12
2554 2561 12
2555 2556 12
2555 2557 12
2555 2558 12
2555 2559 12
2555 2560 12
2555 2561 12
2556 2557 12
2556 2558 12
2556 2559 12
2556 2560 12
2556 2561 12
2557 2558 12
2557 2559 12
2557 2560 12
2557 2561 12
2558 2559 12
2558 2560 12
2558 2561 12
2559 2560 12
2559 2561 12
2560 2561 12
2562 2563 12
2564 2565 12
2564 2328 12
2565 2328 12
2566 919 12
2527 2526 12
2527 2357 12
2526 2357 12
2567 2568 12
2567 2569 12
2568 2569 12
2514 2570 12
2514 2515 12
2514 2571 12
2570 2515 12
2570 2571 12
2515 2571 12
2572 2573 12
2572 2574 12
2573 2574 12
2575 2576 12
2578 2579 12
2578 2580 12
2578 2581 12
2579 2580 12
2579 2581 12
2580 2581 12
2582 2583 12
2582 290 12
2582 735 12
2583 290 12
2583 735 12
290 735 12
2584 2585 12
2584 2586 12
2584 2587 12
2585 2586 12
2585 2587 12
2586 2587 12
2588 2589 12
2590 2591 12
2592 2593 12
2594 922 12
2595 2596 12
2595 2518 12
2596 2518 12
2597 2598 12
2597 2599 12
2598 2599 12
2583 2582 12
2583 733 12
2583 735 12
2582 733 12
2582 735 12
733 735 12
2600 2601 12
2600 2602 12
2601 2602 12
2604 2605 12
2606 2607 12
2606 2608 12
2607 2608 12
2609 2610 12
2609 2611 12
2610 2611 12
1922 1898 12
1922 2613 12
1898 2613 12
2614 2615 12
2616 2617 12
2618 2619 12
2618 2620 12
2618 2538 12
2619 2620 12
2619 2538 12
2620 2538 12
2622 2505 12
2604 2605 12
2627 1216 12
2628 2593 12
2628 2629 12
2593 2629 12
2630 2631 12
2630 2632 12
2630 2518 12
2631 2632 12
2631 2518 12
2632 2518 12
2634 2635 12
1127 966 12
1127 964 12
1127 981 12
1127 962 12
1127 982 12
1127 735 12
966 964 12
966 981 12
966 962 12
966 982 12
966 735 12
964 981 12
964 962 12
964 982 12
964 735 12
981 962 12
981 982 12
981 735 12
962 982 12
962 735 12
982 735 12
2637 2519 12
2638 2639 12
2638 2640 12
2639 2640 12
981 2641 12
981 966 12
981 735 12
981 2450 12
2641 966 12
2641 735 12
2641 2450 12
966 735 12
966 2450 12
735 2450 12
2549 2519 12
2549 2642 12
2549 2643 12
2519 2642 12
2519 2643 12
2642 2643 12
931 2645 12
931 2646 12
2645 2646 12
2525 2516 12
2647 2402 12
2583 2648 12
2583 733 12
2583 735 12
2648 733 12
2648 735 12
733 735 12
2650 2651 12
2652 2653 12
2654 2655 12
2654 2656 12
2655 2656 12
2657 2658 12
2657 2648 12
2658 2648 12
2659 2660 12
2659 2661 12
2659 2662 12
2659 2663 12
2660 2661 12
2660 2662 12
2660 2663 12
2661 2662 12
2661 2663 12
2662 2663 12
2664 2665 12
2664 2666 12
2664 2667 12
2665 2666 12
2665 2667 12
2666 2667 12
2668 2669 12
2668 261 12
2669 261 12
2480 2481 12
2480 2670 12
2480 2671 12
2481 2670 12
2481 2671 12
2670 2671 12
2672 2519 12
2531 2673 12
2538 2674 12
2675 2676 12
2675 2677 12
2675 2678 12
2676 2677 12
2676 2678 12
2677 2678 12
2559 2679 12
2602 2600 12
2602 2601 12
2600 2601 12
2681 2682 12
2681 2683 12
2681 2684 12
2681 2685 12
2682 2683 12
2682 2684 12
2682 2685 12
2683 2684 12
2683 2685 12
2684 2685 12
2686 2687 12
2688 2689 12
2688 2690 12
2688 2487 12
2689 2690 12
2689 2487 12
2690 2487 12
2691 2484 12
2692 2693 12
2692 2694 12
2692 2695 12
2692 2696 12
2692 131 12
2693 2694 12
2693 2695 12
2693 2696 12
2693 131 12
2694 2695 12
2694 2696 12
2694 131 12
2695 2696 12
2695 131 12
2696 131 12
2697 2698 12
2697 2699 12
2697 2700 12
2698 2699 12
2698 2700 12
2699 2700 12
2701 2702 12
2701 2703 12
2702 2703 12
2704 2705 12
2423 2706 12
2423 2707 12
2423 1129 12
2423 2708 12
2706 2707 12
2706 1129 12
2706 2708 12
2707 1129 12
2707 2708 12
1129 2708 12
2709 2710 12
2709 2543 12
2710 2543 12
2712 2592 12
2712 2713 12
2592 2713 12
2715 2716 12
2715 2717 12
2715 2718 12
2715 2719 12
2715 2720 12
2715 2721 12
2715 2722 12
2716 2717 12
2716 2718 12
2716 2719 12
2716 2720 12
2716 2721 12
2716 2722 12
2717 2718 12
2717 2719 12
2717 2720 12
2717 2721 12
2717 2722 12
2718 2719 12
2718 2720 12
2718 2721 12
2718 2722 12
2719 2720 12
2719 2721 12
2719 2722 12
2720 2721 12
2720 2722 12
2721 2722 12
1009 2723 12
2544 2545 12
2544 2441 12
2544 2546 12
2544 2547 12
2545 2441 12
2545 2546 12
2545 2547 12
2441 2546 12
2441 2547 12
2546 2547 12
2724 2725 12
2664 2726 12
2664 2727 12
2664 2667 12
2726 2727 12
2726 2667 12
2727 2667 12
2728 2729 12
2728 2730 12
2729 2730 12
2731 2706 12
2732 2733 12
2732 1173 12
2733 1173 12
2734 2722 12
2735 2736 12
2735 2737 12
2736 2737 12
2738 2739 12
2738 2740 12
2739 2740 12
2741 2742 12
2743 2744 12
2743 2745 12
2743 2746 12
2744 2745 12
2744 2746 12
2745 2746 12
2623 2747 12
2623 2748 12
2747 2748 12
2612 2747 12
2612 2748 12
2747 2748 12
2749 2750 12
733 2751 12
733 735 12
2751 735 12
2752 2753 12
2754 2755 12
2754 2756 12
2755 2756 12
2757 2389 16
2758 1072 16
923 924 16
2759 2760 16
2759 1161 16
2760 1161 16
2761 2762 16
2763 2764 16
2765 2766 16
2767 2768 16
2769 2770 16
2771 2772 16
2771 2773 16
2772 2773 16
976 978 16
976 2774 16
978 2774 16
2775 2776 16
2775 2777 16
2776 2777 16
2778 2779 16
2781 2782 16
2783 2784 16
686 2785 16
2786 1161 16
2786 128 16
1161 128 16
2787 2788 16
2787 2789 16
2788 2789 16
2791 975 16
132 924 16
2792 2793 16
2794 2251 16
2794 2297 16
2251 2297 16
2296 2413 16
2296 2795 16
2296 2297 16
2296 2796 16
2296 2797 16
2413 2795 16
2413 2297 16
2413 2796 16
2413 2797 16
2795 2297 16
2795 2796 16
2795 2797 16
2297 2796 16
2297 2797 16
2796 2797 16
1161 2798 16
2395 2397 16
2395 2287 16
2395 2396 16
2397 2287 16
2397 2396 16
2287 2396 16
2420 989 16
2420 2800 16
989 2800 16
1018 931 16
977 2801 16
977 978 16
2801 978 16
2802 2803 16
2802 2804 16
2803 2804 16
787 1162 16
787 759 16
787 128 16
1162 759 16
1162 128 16
759 128 16
2805 1072 16
2806 2807 16
2429 42 16
2809 2810 16
2809 2811 16
2809 2812 16
2810 2811 16
2810 2812 16
2811 2812 16
2813 2297 16
1082 1083 16
1018 931 16
307 293 16
307 292 16
293 292 16
2814 2815 16
2351 2816 16
2351 102 16
2816 102 16
2817 2818 16
2819 2820 16
2819 2821 16
2819 2822 16
2820 2821 16
2820 2822 16
2821 2822 16
1114 1115 16
2296 2295 16
2296 2251 16
2296 2297 16
2295 2251 16
2295 2297 16
2251 2297 16
931 930 16
293 307 16
293 2823 16
293 687 16
307 2823 16
307 687 16
2823 687 16
306 293 16
306 307 16
306 308 16
293 307 16
293 308 16
307 308 16
2825 2826 16
2825 43 16
2825 1083 16
2826 43 16
2826 1083 16
43 1083 16
2827 2287 16
2827 2288 16
2827 2828 16
2287 2288 16
2287 2828 16
2288 2828 16
986 2829 16
986 995 16
986 2830 16
986 2831 16
986 2832 16
986 2833 16
986 2834 16
986 2835 16
986 2836 16
986 2837 16
2829 995 16
2829 2830 16
2829 2831 16
2829 2832 16
2829 2833 16
2829 2834 16
2829 2835 16
2829 2836 16
2829 2837 16
995 2830 16
995 2831 16
995 2832 16
995 2833 16
995 2834 16
995 2835 16
995 2836 16
995 2837 16
2830 2831 16
2830 2832 16
2830 2833 16
2830 2834 16
2830 2835 16
2830 2836 16
2830 2837 16
2831 2832 16
2831 2833 16
2831 2834 16
2831 2835 16
2831 2836 16
2831 2837 16
2832 2833 16
2832 2834 16
2832 2835 16
2832 2836 16
2832 2837 16
2833 2834 16
2833 2835 16
2833 2836 16
2833 2837 16
2834 2835 16
2834 2836 16
2834 2837 16
2835 2836 16
2835 2837 16
2836 2837 16
1325 2395 16
1325 1097 16
2395 1097 16
2838 2825 16
2838 2839 16
2825 2839 16
2840 2841 16
2840 2842 16
2841 2842 16
2843 1055 16
2844 2768 16
2844 2845 16
2768 2845 16
2846 2847 16
2846 2848 16
2846 2849 16
2847 2848 16
2847 2849 16
2848 2849 16
2850 2343 9
2850 2851 9
2343 2851 9
1082 1083 9
1082 2488 9
1083 2488 9
2852 2635 9
2853 948 9
2854 2855 9
2854 2856 9
2854 2857 9
2855 2856 9
2855 2857 9
2856 2857 9
2858 2859 9
1564 1566 9
1564 1567 9
1566 1567 9
2860 2861 9
2860 2862 9
2860 2863 9
2861 2862 9
2861 2863 9
2862 2863 9
946 948 9
2864 2865 9
2866 2867 9
2866 2868 9
2867 2868 9
2869 2870 9
2869 2871 9
2870 2871 9
2872 2873 9
2872 2874 9
2873 2874 9
2875 2876 9
2875 2877 9
2876 2877 9
2878 2879 9
2880 2881 9
2880 2882 9
2881 2882 9
2883 2884 9
2885 1305 9
2885 1304 9
1305 1304 9
2886 2887 9
2886 2888 9
2887 2888 9
1094 1097 9
2890 2891 9
2890 2892 9
2890 2723 9
2891 2892 9
2891 2723 9
2892 2723 9
2778 2779 9
2893 2894 9
2893 2895 9
2893 2873 9
2894 2895 9
2894 2873 9
2895 2873 9
2252 2389 9
2778 2779 9
2896 2475 9
2897 2898 9
2899 2900 9
2899 2901 9
2900 2901 9
2902 2903 9
2902 2904 9
2903 2904 9
2905 1123 9
2906 2907 9
2908 2802 9
2908 2909 9
2908 2910 9
2908 2911 9
2802 2909 9
2802 2910 9
2802 2911 9
2909 2910 9
2909 2911 9
2910 2911 9
2912 2913 9
2912 2914 9
2912 2915 9
2913 2914 9
2913 2915 9
2914 2915 9
2916 1324 9
2917 2918 9
2919 2920 9
2921 2922 9
2594 922 9
2924 2925 9
2924 2926 9
2924 2927 9
2925 2926 9
2925 2927 9
2926 2927 9
2928 2929 9
2364 2365 9
2364 2930 9
2364 2931 9
2365 2930 9
2365 2931 9
2930 2931 9
2932 2933 9
1367 2935 9
2936 2937 9
2936 2938 9
2936 2939 9
2937 2938 9
2937 2939 9
2938 2939 9
2941 2942 9
2943 2944 9
2942 2945 9
2942 2946 9
2945 2946 9
2948 2949 9
2948 2950 9
2949 2950 9
2951 2952 9
2953 2954 9
2953 2955 9
2953 2956 9
2954 2955 9
2954 2956 9
2955 2956 9
2957 2958 9
2957 2959 9
2958 2959 9
2395 2287 9
2395 2396 9
2395 2397 9
2287 2396 9
2287 2397 9
2396 2397 9
1402 1271 9
2960 485 9
2961 2962 9
2961 2327 9
2961 2815 9
2962 2327 9
2962 2815 9
2327 2815 9
2963 1567 9
2964 2965 9
2966 2879 9
2966 1624 9
2879 1624 9
2967 2968 9
2969 2970 9
2971 2882 9
2973 2920 9
2973 2933 9
2920 2933 9
2974 922 9
2974 2939 9
922 2939 9
2975 2976 9
2978 2640 9
2320 2321 9
2320 2322 9
2320 1072 9
2321 2322 9
2321 1072 9
2322 1072 9
2639 2640 9
2302 2979 9
2980 2981 9
2982 2466 9
2983 2984 9
2983 2985 9
2983 2986 9
2984 2985 9
2984 2986 9
2985 2986 9
2987 2761 9
2987 2988 9
2987 2989 9
2761 2988 9
2761 2989 9
2988 2989 9
2990 2991 9
2990 2992 9
2991 2992 9
2993 2994 9
2995 2996 9
2995 2997 9
2996 2997 9
2998 2999 9
2998 3000 9
2998 3001 9
2998 3002 9
2998 3003 9
2998 3004 9
2998 3005 9
2999 3000 9
2999 3001 9
2999 3002 9
2999 3003 9
2999 3004 9
2999 3005 9
3000 3001 9
3000 3002 9
3000 3003 9
3000 3004 9
3000 3005 9
3001 3002 9
3001 3003 9
3001 3004 9
3001 3005 9
3002 3003 9
3002 3004 9
3002 3005 9
3003 3004 9
3003 3005 9
3004 3005 9
3006 3007 9
3006 3008 9
3007 3008 9
3009 3010 9
3009 3011 9
3010 3011 9
1564 1567 9
1564 1566 9
1567 1566 9
3012 3013 9
3014 3015 9
3014 3016 9
3014 3017 9
3015 3016 9
3015 3017 9
3016 3017 9
3018 3019 9
1349 1325 9
1349 1097 9
1325 1097 9
3020 3021 9
3020 2882 9
3021 2882 9
3022 3023 9
3024 3025 9
3026 2857 9
3026 3027 9
2857 3027 9
3028 3029 9
1089 964 9
1089 3030 9
1089 3031 9
964 3030 9
964 3031 9
3030 3031 9
3032 3033 9
3032 2882 9
3033 2882 9
3034 922 9
3034 2755 9
3034 2974 9
922 2755 9
922 2974 9
2755 2974 9
3035 3036 9
3035 2920 9
3036 2920 9
1817 2981 9
1817 3037 9
1817 3038 9
2981 3037 9
2981 3038 9
3037 3038 9
3039 3025 9
3040 3041 9
3042 3043 9
3044 3045 9
3044 2933 9
3045 2933 9
2953 3046 9
2953 3047 9
2953 3048 9
3046 3047 9
3046 3048 9
3047 3048 9
2981 3049 9
2981 2578 9
3049 2578 9
3050 3051 9
3052 3053 9
3054 3055 9
3056 919 9
3057 3058 9
3057 1391 9
3058 1391 9
3059 3060 9
3059 3061 9
3060 3061 9
3062 3063 9
3062 3064 9
3063 3064 9
2196 3066 21
3067 3068 21
3069 3070 21
3071 3072 21
3073 1817 21
3074 3075 21
3076 3077 21
3078 3079 21
3081 3082 21
3081 3083 21
3082 3083 21
3084 2431 21
3085 3086 21
3085 3087 21
3086 3087 21
1822 616 21
1822 2013 21
616 2013 21
3088 3089 21
3088 3090 21
3089 3090 21
3092 2953 21
3093 3094 21
3093 3095 21
3093 3068 21
3094 3095 21
3094 3068 21
3095 3068 21
3085 3096 21
3097 3098 21
3097 3099 21
3098 3099 21
2196 3066 21
3101 3102 21
3103 3104 21
3103 3105 21
3104 3105 21
3006 3007 21
3006 3008 21
3007 3008 21
3106 1402 21
3106 1271 21
1402 1271 21
2196 3066 21
3107 3108 21
3060 3059 21
3060 3061 21
3059 3061 21
3110 3111 21
3110 3081 21
3111 3081 21
3112 3111 21
3112 3088 21
3111 3088 21
3113 3114 21
3113 3115 21
3114 3115 21
3116 2283 21
3117 3118 21
3117 3119 21
3118 3119 21
3120 3121 21
3122 922 21
3123 3124 21
3125 3061 21
3125 3126 21
3061 3126 21
3103 3127 21
3113 3128 21
3113 3129 21
3128 3129 21
3130 3131 17
3130 3132 17
3131 3132 17
951 2439 17
3133 3134 17
3133 3135 17
3134 3135 17
3137 257 17
3137 255 17
3137 3138 17
3137 3139 17
257 255 17
257 3138 17
257 3139 17
255 3138 17
255 3139 17
3138 3139 17
1659 3140 17
1659 3141 17
1659 3142 17
3140 3141 17
3140 3142 17
3141 3142 17
3143 159 17
3143 2352 17
3143 102 17
159 2352 17
159 102 17
2352 102 17
3144 3145 17
3144 3146 17
3145 3146 17
3147 3148 17
3147 3149 17
3147 3150 17
3147 3151 17
3148 3149 17
3148 3150 17
3148 3151 17
3149 3150 17
3149 3151 17
3150 3151 17
3152 3153 17
3152 3154 17
3153 3154 17
3155 3156 17
2782 2781 17
2782 3157 17
2781 3157 17
2781 2782 17
2781 3158 17
2782 3158 17
3159 3160 17
3159 3161 17
3159 3162 17
3160 3161 17
3160 3162 17
3161 3162 17
2778 2779 17
3164 3165 17
3164 3166 17
3165 3166 17
3167 3168 17
3167 3031 17
3168 3031 17
3169 3170 17
3171 3172 17
3171 3173 17
3172 3173 17
3174 3175 17
3174 3176 17
3174 3177 17
3175 3176 17
3175 3177 17
3176 3177 17
1036 3178 17
3179 3180 17
3179 126 17
3180 126 17
935 932 17
935 934 17
935 3181 17
932 934 17
932 3181 17
934 3181 17
3182 3183 17
3182 3184 17
3182 3185 17
3183 3184 17
3183 3185 17
3184 3185 17
3186 3187 17
3186 3188 17
3186 3189 17
3187 3188 17
3187 3189 17
3188 3189 17
3190 2428 17
720 2853 17
3191 3170 17
3191 3192 17
3170 3192 17
3193 3194 17
3193 3195 17
3193 3196 17
3194 3195 17
3194 3196 17
3195 3196 17
3197 3198 17
3197 3199 17
3198 3199 17
3200 3201 17
3200 3202 17
3200 3203 17
3201 3202 17
3201 3203 17
3202 3203 17
2977 2853 17
3204 3205 17
3204 3206 17
3205 3206 17
3207 3208 17
3207 3209 17
3208 3209 17
3210 929 17
3211 1410 17
1149 760 17
2256 3212 17
2256 180 17
2256 3213 17
2256 2257 17
2256 2259 17
3212 180 17
3212 3213 17
3212 2257 17
3212 2259 17
180 3213 17
180 2257 17
180 2259 17
3213 2257 17
3213 2259 17
2257 2259 17
3214 3215 17
3214 3216 17
3214 3217 17
3214 3218 17
3215 3216 17
3215 3217 17
3215 3218 17
3216 3217 17
3216 3218 17
3217 3218 17
292 293 17
292 2823 17
292 687 17
293 2823 17
293 687 17
2823 687 17
3219 3220 17
2417 2318 17
2417 1844 17
2318 1844 17
3221 3222 17
2503 3223 17
2503 3224 17
3223 3224 17
949 3225 17
949 3226 17
949 950 17
3225 3226 17
3225 950 17
3226 950 17
3228 943 17
3230 943 17
3231 964 17
3231 3232 17
3231 3195 17
964 3232 17
964 3195 17
3232 3195 17
2757 2389 17
2757 2454 17
2389 2454 17
3233 3234 17
3233 3235 17
3234 3235 17
3236 3237 17
3236 3238 17
3237 3238 17
3239 3240 17
3241 3242 17
3241 3243 17
3242 3243 17
1100 943 17
3244 3245 17
3246 2865 17
3246 3247 17
2865 3247 17
3248 2782 17
3249 3250 17
3251 3145 17
3252 2760 17
3252 2759 17
3252 3253 17
2760 2759 17
2760 3253 17
2759 3253 17
3254 3255 17
3254 3256 17
3255 3256 17
251 252 17
251 253 17
252 253 17
3257 3258 17
3257 3259 17
3258 3259 17
3260 1417 17
1074 159 17
1074 102 17
1074 3261 17
159 102 17
159 3261 17
102 3261 17
3262 3263 17
3262 3264 17
3262 3265 17
3262 3266 17
3263 3264 17
3263 3265 17
3263 3266 17
3264 3265 17
3264 3266 17
3265 3266 17
3267 3268 17
3267 3269 17
3268 3269 17
3157 3270 17
3157 2781 17
3157 2782 17
3270 2781 17
3270 2782 17
2781 2782 17
3271 3272 17
3271 943 17
3272 943 17
3273 3259 17
3273 3274 17
3273 3176 17
3259 3274 17
3259 3176 17
3274 3176 17
3275 257 17
3275 255 17
257 255 17
2838 3276 17
2838 3277 17
3276 3277 17
3278 3279 17
3278 2585 17
3278 3280 17
3279 2585 17
3279 3280 17
2585 3280 17
3258 3257 17
3281 3282 17
3281 3283 17
3282 3283 17
3284 3064 17
3285 650 17
3285 224 17
650 224 17
3286 3287 17
3286 3288 17
3286 3204 17
3286 3289 17
3286 3290 17
3287 3288 17
3287 3204 17
3287 3289 17
3287 3290 17
3288 3204 17
3288 3289 17
3288 3290 17
3204 3289 17
3204 3290 17
3289 3290 17
3291 1161 17
3292 3293 10
3292 3294 10
3292 3295 10
3292 3296 10
3292 3297 10
3293 3294 10
3293 3295 10
3293 3296 10
3293 3297 10
3294 3295 10
3294 3296 10
3294 3297 10
3295 3296 10
3295 3297 10
3296 3297 10
3299 3300 10
3301 907 10
3302 3303 10
3302 2305 10
3303 2305 10
2343 2344 10
2343 2341 10
2343 2342 10
2344 2341 10
2344 2342 10
2341 2342 10
3304 3305 10
3304 3306 10
3305 3306 10
3307 3008 10
2252 2490 10
3308 3309 10
3310 3311 10
3302 3312 10
3302 3313 10
3312 3313 10
3314 3315 10
2879 2878 10
2879 2966 10
2878 2966 10
3316 3317 10
3316 3318 10
3316 3319 10
3317 3318 10
3317 3319 10
3318 3319 10
3320 2981 10
3321 3322 10
3324 2814 10
1286 1287 10
1286 1288 10
1287 1288 10
3325 1239 10
3326 3327 10
3326 3328 10
3326 3329 10
3327 3328 10
3327 3329 10
3328 3329 10
3330 3331 10
3332 3333 10
3332 3334 10
3333 3334 10
2974 2939 10
2974 922 10
2939 922 10
3335 2857 10
3336 3323 10
3337 1391 10
3337 3338 10
3337 3339 10
1391 3338 10
1391 3339 10
3338 3339 10
3341 3342 10
3341 3343 10
3342 3343 10
3345 3346 10
3347 1565 10
3348 3349 10
3348 3350 10
3348 3351 10
3349 3350 10
3349 3351 10
3350 3351 10
3352 1340 10
3097 3098 10
3097 3099 10
3098 3099 10
3354 3355 10
3356 3357 10
3356 3358 10
3357 3358 10
3320 2427 10
3360 3361 10
3360 2305 10
3360 3362 10
3361 2305 10
3361 3362 10
2305 3362 10
3363 3364 10
3363 3365 10
3364 3365 10
3366 3367 10
3368 3369 10
3370 2947 10
3371 3372 10
3316 1077 10
907 3373 10
907 3374 10
3373 3374 10
3375 3376 10
3375 3377 10
3375 3378 10
3376 3377 10
3376 3378 10
3377 3378 10
3379 3315 10
3380 2342 10
3380 3381 10
2342 3381 10
3382 3383 10
3384 3385 10
3386 3387 10
3386 3388 10
3386 3389 10
3387 3388 10
3387 3389 10
3388 3389 10
3390 2342 10
3390 3391 10
2342 3391 10
3392 3393 10
3392 3011 10
3393 3011 10
3395 3396 10
3395 3397 10
3396 3397 10
2880 2882 10
3398 3309 10
3315 3402 10
3315 3403 10
3402 3403 10
3404 3405 10
3406 3407 10
3408 427 10
3409 3410 10
3411 3042 10
3309 3412 10
3413 3414 10
3116 1814 10
3415 2959 10
3415 3416 10
3415 3417 10
3415 1304 10
2959 3416 10
2959 3417 10
2959 1304 10
3416 3417 10
3416 1304 10
3417 1304 10
3418 644 13
3419 3420 13
3419 3421 13
3419 1674 13
3420 3421 13
3420 1674 13
3421 1674 13
3422 3423 13
3422 3424 13
3423 3424 13
3425 3426 13
3425 3427 13
3425 3428 13
3426 3427 13
3426 3428 13
3427 3428 13
3429 3430 13
3431 3432 13
3431 3433 13
3432 3433 13
2537 2538 13
3434 3435 13
3436 3437 13
3438 3439 13
2537 3440 13
2734 2495 13
2734 2722 13
2734 2617 13
2495 2722 13
2495 2617 13
2722 2617 13
3441 3442 13
3441 3443 13
3442 3443 13
3444 3445 13
2728 3446 13
2728 2729 13
3446 2729 13
3447 3448 13
3447 3449 13
3448 3449 13
2604 2605 13
2604 3450 13
2604 3435 13
2605 3450 13
2605 3435 13
3450 3435 13
3451 3445 13
3452 3453 13
2548 2538 13
2548 3455 13
2538 3455 13
3457 2601 13
2682 2683 13
2682 2685 13
2682 2505 13
2683 2685 13
2683 2505 13
2685 2505 13
3459 3460 13
3459 3461 13
3460 3461 13
3418 2691 13
3418 2484 13
2691 2484 13
2538 2537 13
2538 3463 13
2538 3464 13
2537 3463 13
2537 3464 13
3463 3464 13
