1 2 2
1 3 2
2 3 2
4 5 2
4 6 2
5 6 2
7 8 2
7 9 2
8 9 2
10 11 2
10 12 2
11 12 2
13 14 2
13 15 2
13 16 2
14 15 2
14 16 2
15 16 2
17 18 2
17 19 2
17 20 2
18 19 2
18 20 2
19 20 2
21 22 2
21 23 2
21 24 2
22 23 2
22 24 2
23 24 2
25 26 2
25 27 2
26 27 2
28 29 2
28 30 2
29 30 2
31 32 2
31 33 2
31 34 2
32 33 2
32 34 2
33 34 2
35 36 2
35 37 2
35 38 2
36 37 2
36 38 2
37 38 2
39 40 2
41 42 2
43 44 2
43 45 2
43 46 2
44 45 2
44 46 2
45 46 2
47 48 2
47 49 2
47 50 2
47 51 2
48 49 2
48 50 2
48 51 2
49 50 2
49 51 2
50 51 2
54 55 2
56 57 2
56 58 2
56 59 2
56 60 2
57 58 2
57 59 2
57 60 2
58 59 2
58 60 2
59 60 2
61 62 2
61 63 2
61 64 2
62 63 2
62 64 2
63 64 2
66 67 2
66 68 2
67 68 2
69 70 2
69 71 2
70 71 2
72 73 2
72 74 2
72 75 2
72 76 2
72 77 2
72 78 2
72 79 2
72 80 2
73 74 2
73 75 2
73 76 2
73 77 2
73 78 2
73 79 2
73 80 2
74 75 2
74 76 2
74 77 2
74 78 2
74 79 2
74 80 2
75 76 2
75 77 2
75 78 2
75 79 2
75 80 2
76 77 2
76 78 2
76 79 2
76 80 2
77 78 2
77 79 2
77 80 2
78 79 2
78 80 2
79 80 2
81 82 2
81 83 2
81 84 2
81 85 2
82 83 2
82 84 2
82 85 2
83 84 2
83 85 2
84 85 2
86 87 2
86 88 2
87 88 2
89 90 2
91 92 2
91 93 2
92 93 2
94 95 2
94 96 2
95 96 2
96 95 2
96 97 2
96 98 2
95 97 2
95 98 2
97 98 2
100 101 2
102 47 2
102 103 2
102 104 2
47 103 2
47 104 2
103 104 2
105 88 2
105 106 2
105 107 2
88 106 2
88 107 2
106 107 2
108 109 2
110 69 2
110 111 2
69 111 2
112 113 2
114 115 2
114 116 2
114 117 2
114 118 2
115 116 2
115 117 2
115 118 2
116 117 2
116 118 2
117 118 2
119 120 2
86 87 2
86 121 2
86 122 2
86 119 2
86 123 2
86 120 2
87 121 2
87 122 2
87 119 2
87 123 2
87 120 2
121 122 2
121 119 2
121 123 2
121 120 2
122 119 2
122 123 2
122 120 2
119 123 2
119 120 2
123 120 2
124 125 2
128 98 2
128 95 2
128 129 2
98 95 2
98 129 2
95 129 2
130 131 2
130 132 2
130 133 2
131 132 2
131 133 2
132 133 2
134 135 2
134 136 2
135 136 2
137 123 2
137 138 2
123 138 2
139 140 2
139 141 2
140 141 2
142 143 2
145 146 2
147 148 2
147 149 2
147 15 2
147 150 2
147 151 2
147 152 2
147 14 2
148 149 2
148 15 2
148 150 2
148 151 2
148 152 2
148 14 2
149 15 2
149 150 2
149 151 2
149 152 2
149 14 2
15 150 2
15 151 2
15 152 2
15 14 2
150 151 2
150 152 2
150 14 2
151 152 2
151 14 2
152 14 2
153 154 2
153 155 2
153 156 2
154 155 2
154 156 2
155 156 2
157 158 2
157 159 2
157 160 2
158 159 2
158 160 2
159 160 2
162 163 2
162 164 2
162 132 2
162 165 2
162 166 2
162 167 2
163 164 2
163 132 2
163 165 2
163 166 2
163 167 2
164 132 2
164 165 2
164 166 2
164 167 2
132 165 2
132 166 2
132 167 2
165 166 2
165 167 2
166 167 2
168 169 2
168 87 2
169 87 2
170 171 2
170 172 2
171 172 2
173 174 2
176 177 2
176 178 2
176 179 2
177 178 2
177 179 2
178 179 2
181 69 2
181 111 2
69 111 2
182 183 2
182 184 2
182 185 2
183 184 2
183 185 2
184 185 2
186 187 2
186 188 2
187 188 2
189 190 2
32 33 2
32 192 2
33 192 2
193 194 2
195 196 2
195 59 2
195 197 2
196 59 2
196 197 2
59 197 2
198 199 2
200 201 2
200 202 2
201 202 2
203 204 2
203 205 2
204 205 2
207 208 25
209 210 25
211 212 25
213 214 25
215 216 25
217 218 25
217 219 25
218 219 25
220 221 25
222 223 25
224 225 25
226 227 25
228 229 25
228 230 25
229 230 25
231 232 25
231 233 25
232 233 25
234 235 25
236 237 25
236 226 25
236 227 25
237 226 25
237 227 25
226 227 25
238 239 25
238 240 25
238 241 25
239 240 25
239 241 25
240 241 25
242 243 25
244 245 25
246 237 25
246 227 25
237 227 25
247 248 25
249 250 25
251 252 25
253 254 25
255 256 25
255 257 25
255 258 25
256 257 25
256 258 25
257 258 25
259 260 25
259 261 25
260 261 25
262 263 25
262 264 25
263 264 25
265 266 25
267 268 25
267 269 25
267 270 25
268 269 25
268 270 25
269 270 25
271 272 25
271 273 25
272 273 25
274 275 25
276 277 25
280 281 25
280 282 25
280 283 25
281 282 25
281 283 25
282 283 25
284 285 25
284 286 25
285 286 25
211 212 25
287 251 25
288 256 25
288 257 25
256 257 25
289 290 25
291 292 25
291 293 25
292 293 25
294 295 25
296 297 25
298 219 25
298 299 25
219 299 25
301 302 25
301 303 25
302 303 25
304 305 25
306 307 25
308 247 25
288 257 25
288 256 25
257 256 25
309 225 25
310 311 25
312 313 25
314 219 25
315 251 25
315 273 25
251 273 25
316 317 25
318 210 25
320 321 25
322 223 25
322 323 25
223 323 25
324 325 25
326 327 25
328 329 25
328 330 25
329 330 25
309 225 25
331 332 25
333 334 25
335 336 25
337 264 25
338 339 25
338 340 25
339 340 25
341 342 25
343 344 25
345 346 25
324 347 25
348 349 25
348 350 25
349 350 25
351 352 5
351 95 5
352 95 5
354 3 5
354 1 5
354 163 5
3 1 5
3 163 5
1 163 5
355 146 5
47 356 5
358 359 5
358 360 5
358 166 5
359 360 5
359 166 5
360 166 5
361 362 5
361 61 5
361 363 5
361 64 5
362 61 5
362 363 5
362 64 5
61 363 5
61 64 5
363 64 5
364 58 5
364 365 5
364 366 5
58 365 5
58 366 5
365 366 5
368 64 5
369 137 5
369 123 5
369 138 5
137 123 5
137 138 5
123 138 5
370 371 5
370 372 5
371 372 5
374 375 5
376 377 5
376 378 5
376 379 5
377 378 5
377 379 5
378 379 5
380 381 5
380 382 5
380 383 5
380 384 5
381 382 5
381 383 5
381 384 5
382 383 5
382 384 5
383 384 5
385 386 5
385 387 5
385 388 5
385 389 5
385 390 5
386 387 5
386 388 5
386 389 5
386 390 5
387 388 5
387 389 5
387 390 5
388 389 5
388 390 5
389 390 5
391 392 5
391 393 5
392 393 5
394 395 5
394 396 5
394 397 5
394 398 5
394 399 5
394 400 5
394 401 5
394 402 5
394 403 5
395 396 5
395 397 5
395 398 5
395 399 5
395 400 5
395 401 5
395 402 5
395 403 5
396 397 5
396 398 5
396 399 5
396 400 5
396 401 5
396 402 5
396 403 5
397 398 5
397 399 5
397 400 5
397 401 5
397 402 5
397 403 5
398 399 5
398 400 5
398 401 5
398 402 5
398 403 5
399 400 5
399 401 5
399 402 5
399 403 5
400 401 5
400 402 5
400 403 5
401 402 5
401 403 5
402 403 5
405 406 5
407 408 5
407 409 5
408 409 5
410 411 5
414 415 5
414 416 5
414 417 5
414 15 5
415 416 5
415 417 5
415 15 5
416 417 5
416 15 5
417 15 5
418 137 5
418 123 5
418 138 5
137 123 5
137 138 5
123 138 5
419 420 5
419 421 5
420 421 5
422 423 5
424 425 5
422 426 5
422 427 5
422 428 5
422 429 5
422 430 5
422 423 5
426 427 5
426 428 5
426 429 5
426 430 5
426 423 5
427 428 5
427 429 5
427 430 5
427 423 5
428 429 5
428 430 5
428 423 5
429 430 5
429 423 5
430 423 5
431 432 5
431 433 5
432 433 5
434 433 5
435 436 5
435 437 5
436 437 5
108 109 5
438 439 5
438 440 5
438 441 5
438 442 5
438 443 5
439 440 5
439 441 5
439 442 5
439 443 5
440 441 5
440 442 5
440 443 5
441 442 5
441 443 5
442 443 5
444 445 5
444 446 5
444 447 5
445 446 5
445 447 5
446 447 5
448 449 5
450 451 5
450 452 5
450 453 5
450 454 5
450 455 5
450 456 5
450 457 5
450 458 5
451 452 5
451 453 5
451 454 5
451 455 5
451 456 5
451 457 5
451 458 5
452 453 5
452 454 5
452 455 5
452 456 5
452 457 5
452 458 5
453 454 5
453 455 5
453 456 5
453 457 5
453 458 5
454 455 5
454 456 5
454 457 5
454 458 5
455 456 5
455 457 5
455 458 5
456 457 5
456 458 5
457 458 5
459 460 5
4 6 5
4 461 5
4 462 5
4 463 5
4 464 5
6 461 5
6 462 5
6 463 5
6 464 5
461 462 5
461 463 5
461 464 5
462 463 5
462 464 5
463 464 5
467 468 5
470 357 5
471 472 5
471 473 5
472 473 5
474 475 5
474 476 5
474 477 5
474 478 5
475 476 5
475 477 5
475 478 5
476 477 5
476 478 5
477 478 5
479 174 5
481 482 5
481 483 5
482 483 5
484 485 5
484 486 5
484 487 5
484 488 5
485 486 5
485 487 5
485 488 5
486 487 5
486 488 5
487 488 5
489 490 5
489 491 5
489 492 5
490 491 5
490 492 5
491 492 5
493 494 5
495 496 5
495 497 5
495 498 5
496 497 5
496 498 5
497 498 5
123 120 5
123 500 5
120 500 5
501 371 5
501 372 5
371 372 5
502 503 5
502 504 5
502 505 5
502 506 5
502 507 5
503 504 5
503 505 5
503 506 5
503 507 5
504 505 5
504 506 5
504 507 5
505 506 5
505 507 5
506 507 5
508 509 5
508 371 5
508 510 5
508 511 5
509 371 5
509 510 5
509 511 5
371 510 5
371 511 5
510 511 5
513 514 5
513 515 5
514 515 5
516 517 5
518 519 5
518 163 5
518 132 5
518 165 5
518 167 5
519 163 5
519 132 5
519 165 5
519 167 5
163 132 5
163 165 5
163 167 5
132 165 5
132 167 5
165 167 5
471 472 5
471 473 5
472 473 5
520 146 5
98 522 5
523 524 5
525 62 5
525 526 5
525 527 5
525 528 5
62 526 5
62 527 5
62 528 5
526 527 5
526 528 5
527 528 5
529 512 5
529 165 5
529 530 5
512 165 5
512 530 5
165 530 5
531 371 5
532 533 5
534 535 5
534 198 5
535 198 5
536 537 5
69 70 5
69 111 5
69 71 5
70 111 5
70 71 5
111 71 5
539 24 5
539 540 5
24 540 5
541 190 5
542 543 5
542 544 5
542 545 5
542 546 5
542 547 5
542 548 5
542 549 5
543 544 5
543 545 5
543 546 5
543 547 5
543 548 5
543 549 5
544 545 5
544 546 5
544 547 5
544 548 5
544 549 5
545 546 5
545 547 5
545 548 5
545 549 5
546 547 5
546 548 5
546 549 5
547 548 5
547 549 5
548 549 5
550 551 5
550 552 5
551 552 5
553 490 5
553 407 5
553 123 5
553 554 5
553 555 5
490 407 5
490 123 5
490 554 5
490 555 5
407 123 5
407 554 5
407 555 5
123 554 5
123 555 5
554 555 5
556 557 5
556 558 5
556 559 5
556 560 5
557 558 5
557 559 5
557 560 5
558 559 5
558 560 5
559 560 5
561 92 5
561 562 5
92 562 5
563 87 5
563 564 5
563 86 5
563 565 5
87 564 5
87 86 5
87 565 5
564 86 5
564 565 5
86 565 5
566 567 5
566 568 5
566 569 5
566 1 5
567 568 5
567 569 5
567 1 5
568 569 5
568 1 5
569 1 5
570 571 5
570 572 5
570 573 5
570 37 5
570 434 5
570 574 5
570 575 5
570 576 5
571 572 5
571 573 5
571 37 5
571 434 5
571 574 5
571 575 5
571 576 5
572 573 5
572 37 5
572 434 5
572 574 5
572 575 5
572 576 5
573 37 5
573 434 5
573 574 5
573 575 5
573 576 5
37 434 5
37 574 5
37 575 5
37 576 5
434 574 5
434 575 5
434 576 5
574 575 5
574 576 5
575 576 5
577 578 5
577 579 5
577 580 5
577 581 5
577 582 5
577 352 5
577 583 5
577 584 5
577 585 5
577 586 5
577 587 5
577 588 5
577 589 5
577 531 5
577 590 5
577 591 5
577 592 5
578 579 5
578 580 5
578 581 5
578 582 5
578 352 5
578 583 5
578 584 5
578 585 5
578 586 5
578 587 5
578 588 5
578 589 5
578 531 5
578 590 5
578 591 5
578 592 5
579 580 5
579 581 5
579 582 5
579 352 5
579 583 5
579 584 5
579 585 5
579 586 5
579 587 5
579 588 5
579 589 5
579 531 5
579 590 5
579 591 5
579 592 5
580 581 5
580 582 5
580 352 5
580 583 5
580 584 5
580 585 5
580 586 5
580 587 5
580 588 5
580 589 5
580 531 5
580 590 5
580 591 5
580 592 5
581 582 5
581 352 5
581 583 5
581 584 5
581 585 5
581 586 5
581 587 5
581 588 5
581 589 5
581 531 5
581 590 5
581 591 5
581 592 5
582 352 5
582 583 5
582 584 5
582 585 5
582 586 5
582 587 5
582 588 5
582 589 5
582 531 5
582 590 5
582 591 5
582 592 5
352 583 5
352 584 5
352 585 5
352 586 5
352 587 5
352 588 5
352 589 5
352 531 5
352 590 5
352 591 5
352 592 5
583 584 5
583 585 5
583 586 5
583 587 5
583 588 5
583 589 5
583 531 5
583 590 5
583 591 5
583 592 5
584 585 5
584 586 5
584 587 5
584 588 5
584 589 5
584 531 5
584 590 5
584 591 5
584 592 5
585 586 5
585 587 5
585 588 5
585 589 5
585 531 5
585 590 5
585 591 5
585 592 5
586 587 5
586 588 5
586 589 5
586 531 5
586 590 5
586 591 5
586 592 5
587 588 5
587 589 5
587 531 5
587 590 5
587 591 5
587 592 5
588 589 5
588 531 5
588 590 5
588 591 5
588 592 5
589 531 5
589 590 5
589 591 5
589 592 5
531 590 5
531 591 5
531 592 5
590 591 5
590 592 5
591 592 5
593 202 5
593 594 5
593 595 5
593 596 5
593 201 5
593 597 5
202 594 5
202 595 5
202 596 5
202 201 5
202 597 5
594 595 5
594 596 5
594 201 5
594 597 5
595 596 5
595 201 5
595 597 5
596 201 5
596 597 5
201 597 5
598 393 5
598 599 5
598 600 5
393 599 5
393 600 5
599 600 5
601 352 5
601 528 5
601 602 5
601 603 5
352 528 5
352 602 5
352 603 5
528 602 5
528 603 5
602 603 5
604 605 5
604 606 5
604 607 5
604 608 5
604 609 5
604 610 5
604 611 5
604 612 5
605 606 5
605 607 5
605 608 5
605 609 5
605 610 5
605 611 5
605 612 5
606 607 5
606 608 5
606 609 5
606 610 5
606 611 5
606 612 5
607 608 5
607 609 5
607 610 5
607 611 5
607 612 5
608 609 5
608 610 5
608 611 5
608 612 5
609 610 5
609 611 5
609 612 5
610 611 5
610 612 5
611 612 5
613 614 5
613 615 5
613 616 5
613 617 5
613 618 5
613 619 5
614 615 5
614 616 5
614 617 5
614 618 5
614 619 5
615 616 5
615 617 5
615 618 5
615 619 5
616 617 5
616 618 5
616 619 5
617 618 5
617 619 5
618 619 5
620 455 5
620 621 5
620 622 5
455 621 5
455 622 5
621 622 5
623 624 5
623 625 5
623 626 5
624 625 5
624 626 5
625 626 5
627 628 5
627 629 5
628 629 5
630 631 5
630 411 5
631 411 5
1 632 5
1 3 5
632 3 5
633 634 5
635 101 5
636 637 5
636 638 5
636 639 5
636 640 5
636 641 5
637 638 5
637 639 5
637 640 5
637 641 5
638 639 5
638 640 5
638 641 5
639 640 5
639 641 5
640 641 5
642 643 5
642 37 5
642 38 5
643 37 5
643 38 5
37 38 5
141 644 5
141 140 5
141 645 5
644 140 5
644 645 5
140 645 5
646 29 5
646 647 5
646 30 5
29 647 5
29 30 5
647 30 5
648 649 11
650 651 11
650 652 11
651 652 11
653 654 11
655 656 11
655 657 11
656 657 11
659 660 11
659 661 11
659 662 11
660 661 11
660 662 11
661 662 11
663 664 11
668 669 11
671 672 11
671 673 11
672 673 11
675 676 11
678 679 11
680 681 11
682 683 11
684 685 11
686 687 11
690 691 11
690 692 11
690 693 11
691 692 11
691 693 11
692 693 11
694 695 11
694 696 11
695 696 11
698 699 11
698 700 11
698 701 11
699 700 11
699 701 11
700 701 11
702 703 11
705 706 11
705 707 11
706 707 11
708 709 11
711 712 11
713 714 11
713 683 11
714 683 11
715 716 11
717 719 11
717 693 11
719 693 11
720 687 11
720 721 11
720 722 11
687 721 11
687 722 11
721 722 11
725 726 11
725 727 11
725 728 11
725 729 11
725 730 11
725 731 11
726 727 11
726 728 11
726 729 11
726 730 11
726 731 11
727 728 11
727 729 11
727 730 11
727 731 11
728 729 11
728 730 11
728 731 11
729 730 11
729 731 11
730 731 11
732 733 11
732 734 11
732 735 11
732 736 11
733 734 11
733 735 11
733 736 11
734 735 11
734 736 11
735 736 11
737 738 11
737 739 11
738 739 11
740 687 11
740 741 11
687 741 11
743 27 15
743 744 15
743 745 15
27 744 15
27 745 15
744 745 15
746 131 15
747 748 15
747 749 15
748 749 15
750 751 15
750 752 15
751 752 15
753 754 15
753 755 15
753 756 15
754 755 15
754 756 15
755 756 15
758 759 15
760 761 15
762 763 15
764 765 15
766 767 15
766 768 15
767 768 15
769 770 15
769 771 15
770 771 15
772 773 15
775 776 15
777 778 15
777 779 15
778 779 15
781 782 15
781 783 15
782 783 15
785 786 15
785 787 15
785 788 15
785 789 15
786 787 15
786 788 15
786 789 15
787 788 15
787 789 15
788 789 15
790 791 15
792 793 15
794 795 15
794 796 15
795 796 15
797 798 15
799 800 15
799 801 15
800 801 15
803 804 15
805 806 15
805 193 15
805 194 15
806 193 15
806 194 15
193 194 15
807 808 15
809 810 15
809 811 15
810 811 15
812 813 15
812 814 15
812 815 15
812 816 15
813 814 15
813 815 15
813 816 15
814 815 15
814 816 15
815 816 15
817 818 15
817 819 15
817 820 15
818 819 15
818 820 15
819 820 15
821 822 15
821 823 15
822 823 15
824 825 15
826 827 15
826 828 15
827 828 15
829 830 15
829 831 15
829 832 15
829 833 15
830 831 15
830 832 15
830 833 15
831 832 15
831 833 15
832 833 15
834 835 15
836 837 15
836 838 15
837 838 15
839 840 15
841 842 15
841 843 15
841 844 15
842 843 15
842 844 15
843 844 15
847 848 15
849 850 15
851 852 15
851 853 15
852 853 15
854 855 15
856 857 15
856 858 15
856 859 15
857 858 15
857 859 15
858 859 15
860 861 15
860 862 15
861 862 15
863 87 15
863 86 15
87 86 15
864 865 15
864 866 15
865 866 15
134 135 15
134 798 15
135 798 15
867 868 15
867 869 15
868 869 15
828 871 15
873 874 15
873 875 15
874 875 15
86 87 15
86 614 15
86 488 15
86 876 15
86 877 15
87 614 15
87 488 15
87 876 15
87 877 15
614 488 15
614 876 15
614 877 15
488 876 15
488 877 15
876 877 15
878 879 15
878 880 15
878 881 15
879 880 15
879 881 15
880 881 15
883 884 15
883 885 15
883 886 15
884 885 15
884 886 15
885 886 15
887 804 15
888 889 15
888 890 15
889 890 15
891 892 15
786 785 15
786 787 15
786 789 15
785 787 15
785 789 15
787 789 15
893 894 15
893 895 15
893 896 15
894 895 15
894 896 15
895 896 15
897 898 15
899 900 15
902 903 15
902 155 15
903 155 15
905 906 15
907 908 15
907 909 15
908 909 15
910 911 15
910 876 15
911 876 15
913 914 15
915 916 15
915 917 15
916 917 15
918 919 15
918 920 15
918 921 15
919 920 15
919 921 15
920 921 15
922 923 15
922 924 15
922 925 15
923 924 15
923 925 15
924 925 15
926 927 15
752 928 15
752 750 15
928 750 15
929 930 15
931 1 15
931 932 15
1 932 15
933 934 15
935 936 15
935 937 15
936 937 15
809 810 15
809 811 15
810 811 15
806 798 15
938 939 15
938 883 15
939 883 15
940 941 15
940 942 15
940 943 15
940 944 15
940 945 15
940 946 15
940 947 15
940 948 15
941 942 15
941 943 15
941 944 15
941 945 15
941 946 15
941 947 15
941 948 15
942 943 15
942 944 15
942 945 15
942 946 15
942 947 15
942 948 15
943 944 15
943 945 15
943 946 15
943 947 15
943 948 15
944 945 15
944 946 15
944 947 15
944 948 15
945 946 15
945 947 15
945 948 15
946 947 15
946 948 15
947 948 15
940 941 15
940 944 15
941 944 15
949 950 15
951 804 15
952 953 15
952 954 15
952 955 15
953 954 15
953 955 15
954 955 15
957 958 15
889 959 15
960 961 15
960 962 15
961 962 15
963 964 15
965 966 15
965 967 15
966 967 15
968 969 15
968 970 15
969 970 15
971 972 15
971 973 15
972 973 15
974 717 15
974 975 15
717 975 15
738 976 15
738 739 15
738 977 15
976 739 15
976 977 15
739 977 15
978 979 15
978 980 15
978 981 15
979 980 15
979 981 15
980 981 15
982 983 15
193 194 15
985 986 15
987 988 15
990 991 3
992 991 3
992 993 3
992 994 3
991 993 3
991 994 3
993 994 3
996 997 3
998 999 3
1000 1001 3
1003 1004 3
490 994 3
490 995 3
994 995 3
1005 1006 3
1008 1009 3
1008 1010 3
1008 433 3
1009 1010 3
1009 433 3
1010 433 3
1011 1012 3
1011 1013 3
1012 1013 3
1014 1015 3
1014 1016 3
1014 562 3
1014 995 3
1015 1016 3
1015 562 3
1015 995 3
1016 562 3
1016 995 3
562 995 3
1017 1018 3
1017 392 3
1017 131 3
1017 423 3
1018 392 3
1018 131 3
1018 423 3
392 131 3
392 423 3
131 423 3
1019 1020 3
1019 1021 3
1019 1022 3
1020 1021 3
1020 1022 3
1021 1022 3
1023 797 3
1024 1025 3
1024 1006 3
1025 1006 3
1026 132 3
1026 165 3
1026 167 3
132 165 3
132 167 3
165 167 3
529 512 3
529 165 3
529 530 3
512 165 3
512 530 3
165 530 3
473 1028 3
473 1029 3
1028 1029 3
1030 562 3
598 393 3
598 599 3
598 600 3
393 599 3
393 600 3
599 600 3
1033 1034 3
1013 1036 19
1037 1038 19
1037 1039 19
1037 1040 19
1038 1039 19
1038 1040 19
1039 1040 19
1041 1042 19
1043 1044 19
1043 1045 19
1043 1046 19
1044 1045 19
1044 1046 19
1045 1046 19
1048 1049 19
1048 651 19
1048 1050 19
1048 1051 19
1048 1052 19
1049 651 19
1049 1050 19
1049 1051 19
1049 1052 19
651 1050 19
651 1051 19
651 1052 19
1050 1051 19
1050 1052 19
1051 1052 19
1044 1053 19
1044 1054 19
1044 1055 19
1044 1056 19
1053 1054 19
1053 1055 19
1053 1056 19
1054 1055 19
1054 1056 19
1055 1056 19
1057 1058 19
1035 993 19
1035 994 19
993 994 19
1061 1062 19
1063 1064 19
1063 1065 19
1063 1036 19
1064 1065 19
1064 1036 19
1065 1036 19
1066 1067 19
1032 1068 19
1032 1069 19
1068 1069 19
1070 1071 19
1072 1073 19
1072 1074 19
1072 1075 19
1073 1074 19
1073 1075 19
1074 1075 19
1076 1066 19
1076 1067 19
1076 1077 19
1066 1067 19
1066 1077 19
1067 1077 19
1078 1079 19
1080 1081 19
1080 1082 19
1081 1082 19
1083 1084 19
1085 1086 19
1085 1087 19
1086 1087 19
1088 1089 19
1088 1090 19
1089 1090 19
1091 1092 19
1093 386 19
1093 389 19
386 389 19
1094 1095 19
1085 132 19
1085 356 19
132 356 19
1098 1099 19
1100 996 19
1100 1101 19
996 1101 19
1102 1103 19
1102 1104 19
1102 1105 19
1102 1106 19
1103 1104 19
1103 1105 19
1103 1106 19
1104 1105 19
1104 1106 19
1105 1106 19
1107 1108 19
1107 1065 19
1107 1109 19
1108 1065 19
1108 1109 19
1065 1109 19
1111 1112 19
1113 1114 19
1115 1116 19
1117 1118 19
1119 1120 19
1119 1121 19
1120 1121 19
1032 1122 19
1124 1125 19
1124 1126 19
1125 1126 19
1013 1127 19
1060 1129 19
1120 1130 19
1131 1132 19
1041 1133 19
1134 1103 19
1134 1135 19
1103 1135 19
1136 1137 19
1139 1140 19
1141 1142 19
1144 1145 19
1146 1054 19
1146 1098 19
1146 1099 19
1054 1098 19
1054 1099 19
1098 1099 19
1147 1148 19
1147 1149 19
1148 1149 19
1150 1151 19
1150 1152 19
1150 1046 19
1151 1152 19
1151 1046 19
1152 1046 19
1153 386 19
1153 389 19
386 389 19
1154 1155 19
1154 1156 19
1154 1157 19
1154 1158 19
1155 1156 19
1155 1157 19
1155 1158 19
1156 1157 19
1156 1158 19
1157 1158 19
1159 1160 19
1159 1161 19
1160 1161 19
1162 1163 19
1165 1166 19
1167 1168 19
1167 1159 19
1167 1122 19
1167 1169 19
1168 1159 19
1168 1122 19
1168 1169 19
1159 1122 19
1159 1169 19
1122 1169 19
1170 1171 19
1172 1113 19
1172 1173 19
1113 1173 19
1174 1175 19
1176 1130 19
1177 1178 19
1177 1179 19
1178 1179 19
1042 1180 19
1181 1182 19
1181 1183 19
1182 1183 19
1184 1185 19
1184 1064 19
1184 1051 19
1184 1052 19
1185 1064 19
1185 1051 19
1185 1052 19
1064 1051 19
1064 1052 19
1051 1052 19
1130 1186 19
1187 1188 19
1189 1190 19
1189 1191 19
1189 1086 19
1189 1087 19
1189 1192 19
1190 1191 19
1190 1086 19
1190 1087 19
1190 1192 19
1191 1086 19
1191 1087 19
1191 1192 19
1086 1087 19
1086 1192 19
1087 1192 19
1098 1194 19
1098 1099 19
1194 1099 19
1197 1198 19
1199 1200 20
1199 1201 20
1200 1201 20
1202 1203 20
1204 1205 20
1207 1208 20
1210 1211 20
1210 1212 20
1211 1212 20
1213 1214 20
1014 1215 20
1014 1129 20
1215 1129 20
1216 1217 20
1216 1129 20
1217 1129 20
1218 1219 20
1218 1220 20
1218 1221 20
1219 1220 20
1219 1221 20
1220 1221 20
1222 1223 20
1224 1225 20
1224 1226 20
1225 1226 20
1227 1228 20
1229 1230 20
1229 1231 20
1230 1231 20
1233 1234 20
1235 1236 20
1237 1238 20
1237 1239 20
1237 1240 20
1237 1236 20
1237 1241 20
1238 1239 20
1238 1240 20
1238 1236 20
1238 1241 20
1239 1240 20
1239 1236 20
1239 1241 20
1240 1236 20
1240 1241 20
1236 1241 20
1242 1243 20
1238 1244 20
1238 1245 20
1238 1246 20
1244 1245 20
1244 1246 20
1245 1246 20
1247 1248 20
1247 1249 20
1248 1249 20
1085 1086 20
1085 1087 20
1086 1087 20
1250 1251 20
1250 1159 20
1250 1169 20
1250 458 20
1251 1159 20
1251 1169 20
1251 458 20
1159 1169 20
1159 458 20
1169 458 20
1252 1253 20
1252 1208 20
1252 1254 20
1253 1208 20
1253 1254 20
1208 1254 20
1255 1256 20
1032 1257 20
1032 1258 20
1032 1259 20
1257 1258 20
1257 1259 20
1258 1259 20
1260 1261 20
1252 1262 20
1252 1263 20
1262 1263 20
1265 1266 20
1265 1267 20
1265 1268 20
1265 1269 20
1265 1270 20
1266 1267 20
1266 1268 20
1266 1269 20
1266 1270 20
1267 1268 20
1267 1269 20
1267 1270 20
1268 1269 20
1268 1270 20
1269 1270 20
1271 1132 20
386 389 20
1272 1253 20
1113 1273 20
1113 1274 20
1113 1275 20
1273 1274 20
1273 1275 20
1274 1275 20
1276 1277 20
1278 1279 20
1280 1281 20
1280 1282 20
1281 1282 20
1283 1284 20
1283 1285 20
1283 896 20
1284 1285 20
1284 896 20
1285 896 20
1286 1287 20
1289 1290 20
550 1291 20
550 1292 20
1291 1292 20
1048 651 20
1294 1160 20
478 1295 20
1296 1297 20
1086 1087 20
1086 1298 20
1087 1298 20
1137 1300 20
1137 1301 20
1300 1301 20
1239 1302 20
1303 1288 20
1304 1305 20
1304 1188 20
1305 1188 20
1013 1307 20
1308 1309 20
1308 1310 20
1308 1199 20
1309 1310 20
1309 1199 20
1310 1199 20
1311 1312 20
1311 1160 20
1312 1160 20
1313 1203 20
1253 1314 20
1315 1316 20
1318 1319 20
1318 1320 20
1318 1321 20
1318 1322 20
1318 1323 20
1318 1324 20
1319 1320 20
1319 1321 20
1319 1322 20
1319 1323 20
1319 1324 20
1320 1321 20
1320 1322 20
1320 1323 20
1320 1324 20
1321 1322 20
1321 1323 20
1321 1324 20
1322 1323 20
1322 1324 20
1323 1324 20
1326 1327 20
1326 1328 20
1326 1329 20
1327 1328 20
1327 1329 20
1328 1329 20
1330 1129 20
1331 1332 20
1334 1335 20
1334 1336 20
1335 1336 20
1124 1337 20
1124 1126 20
1337 1126 20
1338 1339 20
1340 1341 20
1340 1342 20
1341 1342 20
1343 1344 20
1343 1345 20
1344 1345 20
1100 996 20
1100 1346 20
1100 1347 20
996 1346 20
996 1347 20
1346 1347 20
1348 1349 20
490 1334 20
490 1015 20
1334 1015 20
1026 1351 20
1352 1064 20
1285 1353 20
1039 1086 20
1039 1298 20
1086 1298 20
1354 1355 20
1354 1188 20
1355 1188 20
1356 1357 20
1356 1292 20
1356 1291 20
1357 1292 20
1357 1291 20
1292 1291 20
1358 1359 20
1358 1274 20
1359 1274 20
1361 1362 20
1361 165 20
1361 1319 20
1362 165 20
1362 1319 20
165 1319 20
1363 1364 20
1039 1262 20
1039 1365 20
1262 1365 20
1366 1367 20
1301 1137 20
1301 1300 20
1301 1368 20
1137 1300 20
1137 1368 20
1300 1368 20
1346 1188 20
550 1356 20
550 1357 20
550 1292 20
550 1291 20
1356 1357 20
1356 1292 20
1356 1291 20
1357 1292 20
1357 1291 20
1292 1291 20
1222 165 20
1371 1372 20
1371 1002 20
1372 1002 20
1373 1332 20
1374 1375 20
1374 1376 20
1375 1376 20
1377 1378 20
1216 1129 20
1379 1217 20
1379 1215 20
1217 1215 20
1380 1381 20
1382 1092 20
1382 1383 20
1382 1130 20
1092 1383 20
1092 1130 20
1383 1130 20
1384 1251 20
1384 1385 20
1251 1385 20
1386 1387 20
1386 1388 20
1386 1389 20
1387 1388 20
1387 1389 20
1388 1389 20
1390 1391 20
1390 1392 20
1390 1393 20
1390 1394 20
1391 1392 20
1391 1393 20
1391 1394 20
1392 1393 20
1392 1394 20
1393 1394 20
1395 1396 20
1395 1397 20
1396 1397 20
1398 1060 20
1399 1400 20
1039 1086 20
1039 1298 20
1086 1298 20
1401 1402 20
1100 996 20
1100 1346 20
996 1346 20
1239 1302 20
1239 1199 20
1302 1199 20
1013 1403 20
1405 1406 20
1405 1407 20
1406 1407 20
1258 1408 20
1258 1409 20
1408 1409 20
1168 1334 20
1410 1180 20
1342 1411 20
1342 1202 20
1342 1412 20
1342 1413 20
1411 1202 20
1411 1412 20
1411 1413 20
1202 1412 20
1202 1413 20
1412 1413 20
1358 1359 20
1358 1274 20
1359 1274 20
1202 1203 18
1414 1415 18
1416 1417 18
1416 1162 18
1416 386 18
1416 1418 18
1416 1419 18
1417 1162 18
1417 386 18
1417 1418 18
1417 1419 18
1162 386 18
1162 1418 18
1162 1419 18
386 1418 18
386 1419 18
1418 1419 18
1272 1420 18
1272 1314 18
1420 1314 18
1421 1422 18
1253 1365 18
1425 1426 18
1425 1427 18
1425 1428 18
1426 1427 18
1426 1428 18
1427 1428 18
1429 1116 18
1430 1371 18
1430 1299 18
1371 1299 18
1381 1431 18
1432 1424 18
1014 1433 18
1014 1434 18
1433 1434 18
1435 1305 18
1435 1188 18
1305 1188 18
1102 1104 18
1102 1105 18
1104 1105 18
1414 1415 18
1436 1437 18
1436 1438 18
1436 1138 18
1437 1438 18
1437 1138 18
1438 1138 18
1439 1401 18
1440 1441 18
1440 1442 18
1441 1442 18
1443 1157 18
1086 1087 18
1086 1298 18
1087 1298 18
1102 1104 18
1204 609 18
1204 1205 18
609 1205 18
1032 1168 18
1032 1159 18
1032 1122 18
1168 1159 18
1168 1122 18
1159 1122 18
1446 1447 18
1448 1141 18
1448 1071 18
1141 1071 18
1449 1401 18
1450 1262 18
1451 1452 18
1451 1453 18
1451 1454 18
1452 1453 18
1452 1454 18
1453 1454 18
1098 1099 18
1098 1456 18
1099 1456 18
1457 1458 18
1457 1046 18
1458 1046 18
1459 1441 18
1460 1461 18
1452 1123 18
1462 1194 18
1172 1463 18
1172 1464 18
1463 1464 18
1160 1466 18
1160 1467 18
1466 1467 18
1468 1469 18
1468 1403 18
1469 1403 18
1470 1471 18
1470 1472 18
1471 1472 18
1473 1355 18
1473 1188 18
1355 1188 18
1474 1475 18
1474 1039 18
1474 1476 18
1475 1039 18
1475 1476 18
1039 1476 18
1477 1478 18
1426 1479 18
1426 1480 18
1479 1480 18
1481 1482 14
1481 1483 14
1482 1483 14
1484 1485 14
797 1486 14
1487 1488 14
1487 814 14
1488 814 14
1489 1490 14
1489 1491 14
1489 1492 14
1490 1491 14
1490 1492 14
1491 1492 14
1493 1494 14
1493 1495 14
1494 1495 14
1496 1497 14
1496 1498 14
1497 1498 14
1500 1501 14
1500 1502 14
1501 1502 14
1503 1504 14
135 134 14
135 798 14
134 798 14
1507 1508 14
1507 1509 14
1507 1510 14
1508 1509 14
1508 1510 14
1509 1510 14
1512 1513 14
960 961 14
960 798 14
961 798 14
1514 166 14
1514 1515 14
166 1515 14
1516 1517 14
427 423 14
675 676 14
1518 1519 14
1521 1522 14
1521 1523 14
1522 1523 14
918 919 14
918 921 14
919 921 14
960 1524 14
960 961 14
1524 961 14
1525 1526 14
1529 1530 14
1529 1531 14
1530 1531 14
1532 1533 14
1532 1534 14
1532 1535 14
1532 1536 14
1533 1534 14
1533 1535 14
1533 1536 14
1534 1535 14
1534 1536 14
1535 1536 14
1537 1538 14
1539 168 14
1539 87 14
168 87 14
22 23 14
22 1540 14
22 24 14
23 1540 14
23 24 14
1540 24 14
960 1524 14
960 961 14
1524 961 14
1541 1542 14
1541 1543 14
1541 1544 14
1541 1545 14
1542 1543 14
1542 1544 14
1542 1545 14
1543 1544 14
1543 1545 14
1544 1545 14
785 786 14
785 787 14
786 787 14
1546 1547 14
1546 1548 14
1547 1548 14
1549 1550 14
1551 24 14
1551 164 14
24 164 14
1552 1553 14
1552 1554 14
1552 1555 14
1552 1556 14
1553 1554 14
1553 1555 14
1553 1556 14
1554 1555 14
1554 1556 14
1555 1556 14
1557 1558 14
1559 1560 14
1561 1562 14
1564 814 14
1565 1516 14
1566 1567 14
1568 1569 14
1568 1570 14
1568 1571 14
1568 1572 14
1568 1573 14
1568 1574 14
1569 1570 14
1569 1571 14
1569 1572 14
1569 1573 14
1569 1574 14
1570 1571 14
1570 1572 14
1570 1573 14
1570 1574 14
1571 1572 14
1571 1573 14
1571 1574 14
1572 1573 14
1572 1574 14
1573 1574 14
1483 1575 14
1577 1578 14
1577 1579 14
1578 1579 14
1580 816 14
1580 1581 14
816 1581 14
1582 1488 14
925 923 14
925 924 14
923 924 14
1583 103 14
1583 1584 14
103 1584 14
1586 1587 14
1586 1588 14
1587 1588 14
1589 1590 14
1591 1592 14
1593 805 14
1593 193 14
805 193 14
1594 1595 14
1512 1513 14
1596 1597 14
1596 1598 14
1596 1599 14
1597 1598 14
1597 1599 14
1598 1599 14
1600 1601 14
1600 1602 14
1601 1602 14
1603 1604 14
1603 1605 14
1603 1606 14
1604 1605 14
1604 1606 14
1605 1606 14
1607 1608 14
1607 1609 14
1607 1610 14
1607 1611 14
1608 1609 14
1608 1610 14
1608 1611 14
1609 1610 14
1609 1611 14
1610 1611 14
814 1612 14
1613 1614 12
1615 1616 12
1617 1618 12
1619 1620 12
1621 1622 12
1621 1623 12
1622 1623 12
1624 1625 12
1627 1628 12
1627 1629 12
1627 1630 12
1627 1631 12
1628 1629 12
1628 1630 12
1628 1631 12
1629 1630 12
1629 1631 12
1630 1631 12
1619 1632 12
1633 1634 12
1635 1636 12
1637 1638 12
1637 1639 12
1637 1640 12
1638 1639 12
1638 1640 12
1639 1640 12
1641 1642 12
1641 1643 12
1642 1643 12
1644 1645 12
1644 1646 12
1645 1646 12
1647 1648 12
1649 1650 12
1623 1651 12
1623 1652 12
1651 1652 12
1653 1654 12
1653 1655 12
1653 1656 12
1653 1657 12
1653 1658 12
1654 1655 12
1654 1656 12
1654 1657 12
1654 1658 12
1655 1656 12
1655 1657 12
1655 1658 12
1656 1657 12
1656 1658 12
1657 1658 12
792 793 12
1659 1660 12
1659 1661 12
1660 1661 12
1662 1663 12
1662 1664 12
1663 1664 12
1665 1666 12
1667 1668 12
1667 1669 12
1667 1670 12
1668 1669 12
1668 1670 12
1669 1670 12
1671 1672 12
1671 1673 12
1672 1673 12
1674 1675 12
1677 1678 12
1677 1679 12
1677 1680 12
1678 1679 12
1678 1680 12
1679 1680 12
1681 1682 12
1685 1686 12
1685 1687 12
1685 1688 12
1686 1687 12
1686 1688 12
1687 1688 12
1689 1690 12
1691 1692 12
1691 1693 12
1692 1693 12
1694 1695 12
1694 1696 12
1694 1697 12
1694 1698 12
1694 1699 12
1695 1696 12
1695 1697 12
1695 1698 12
1695 1699 12
1696 1697 12
1696 1698 12
1696 1699 12
1697 1698 12
1697 1699 12
1698 1699 12
1700 1701 12
1702 658 12
1703 1704 12
1706 1707 12
1708 1709 12
1708 1710 12
1708 1711 12
1708 1712 12
1709 1710 12
1709 1711 12
1709 1712 12
1710 1711 12
1710 1712 12
1711 1712 12
1713 1714 12
1665 1666 12
1715 1716 12
1715 1717 12
1716 1717 12
1718 1673 12
1719 1720 12
1721 1722 12
1721 1723 12
1721 1724 12
1721 1725 12
1722 1723 12
1722 1724 12
1722 1725 12
1723 1724 12
1723 1725 12
1724 1725 12
1685 1686 12
1685 1687 12
1685 1688 12
1686 1687 12
1686 1688 12
1687 1688 12
1726 855 12
1727 1715 12
1728 1729 12
1730 1731 12
1730 1732 12
1730 1733 12
1731 1732 12
1731 1733 12
1732 1733 12
1734 1735 12
1734 1632 12
1735 1632 12
1736 1737 12
1736 1738 12
1736 1739 12
1737 1738 12
1737 1739 12
1738 1739 12
1740 1741 12
1740 1742 12
1741 1742 12
1744 1745 12
1746 1747 12
1746 1748 12
1747 1748 12
1749 1750 12
1752 1753 12
1754 1755 12
1757 1758 12
1759 1760 12
984 1761 12
984 1762 12
1761 1762 12
1763 1764 12
1763 1765 12
1763 1766 12
1763 1767 12
1763 1768 12
1764 1765 12
1764 1766 12
1764 1767 12
1764 1768 12
1765 1766 12
1765 1767 12
1765 1768 12
1766 1767 12
1766 1768 12
1767 1768 12
1770 1771 12
1770 1772 12
1771 1772 12
867 869 12
867 868 12
869 868 12
1773 1774 12
1773 1775 12
1774 1775 12
1776 1777 12
1778 1660 12
1779 1712 12
1779 1698 12
1712 1698 12
1780 1561 12
1648 1647 12
1781 1782 12
1784 1785 12
1784 1786 12
1784 1011 12
1784 1787 12
1784 1788 12
1784 1789 12
1785 1786 12
1785 1011 12
1785 1787 12
1785 1788 12
1785 1789 12
1786 1011 12
1786 1787 12
1786 1788 12
1786 1789 12
1011 1787 12
1011 1788 12
1011 1789 12
1787 1788 12
1787 1789 12
1788 1789 12
1790 1791 12
1792 1793 12
1792 1794 12
1793 1794 12
1795 1796 12
1795 1797 12
1796 1797 12
1798 1799 12
1798 1800 12
1798 1801 12
1799 1800 12
1799 1801 12
1800 1801 12
1802 1803 12
1802 1804 12
1803 1804 12
1805 1806 12
1807 1808 12
1809 1810 12
1809 1811 12
1810 1811 12
1631 1630 12
1631 1812 12
1631 1813 12
1630 1812 12
1630 1813 12
1812 1813 12
1814 1815 16
1814 1816 16
1815 1816 16
1817 1818 16
1817 1819 16
1818 1819 16
1484 1485 16
565 1820 16
565 1821 16
1820 1821 16
1822 1823 16
1822 1824 16
1822 1825 16
1823 1824 16
1823 1825 16
1824 1825 16
1826 1827 16
1826 1828 16
1827 1828 16
1829 1830 16
1829 1831 16
1830 1831 16
1832 1833 16
1832 1834 16
1833 1834 16
1570 1571 16
1836 804 16
1486 1837 16
1838 1521 16
1838 1839 16
1838 1840 16
1521 1839 16
1521 1840 16
1839 1840 16
1841 1599 16
1842 1538 16
814 653 16
918 921 16
1843 960 16
1844 1485 16
155 902 16
1845 1846 16
1847 1848 16
1847 1849 16
1847 1850 16
1847 1851 16
1847 1852 16
1847 1853 16
1847 1854 16
1847 1855 16
1847 1856 16
1848 1849 16
1848 1850 16
1848 1851 16
1848 1852 16
1848 1853 16
1848 1854 16
1848 1855 16
1848 1856 16
1849 1850 16
1849 1851 16
1849 1852 16
1849 1853 16
1849 1854 16
1849 1855 16
1849 1856 16
1850 1851 16
1850 1852 16
1850 1853 16
1850 1854 16
1850 1855 16
1850 1856 16
1851 1852 16
1851 1853 16
1851 1854 16
1851 1855 16
1851 1856 16
1852 1853 16
1852 1854 16
1852 1855 16
1852 1856 16
1853 1854 16
1853 1855 16
1853 1856 16
1854 1855 16
1854 1856 16
1855 1856 16
1857 1858 16
1857 1859 16
1858 1859 16
871 1860 16
871 828 16
1860 828 16
1861 1862 16
1650 1649 16
1863 1864 16
1863 1865 16
1864 1865 16
1866 1867 16
814 1868 16
1869 1550 9
1870 1871 9
1870 1872 9
1871 1872 9
1874 1875 9
1874 1876 9
1875 1876 9
1877 1878 9
1877 1879 9
1878 1879 9
746 131 9
1881 1882 9
1881 1883 9
1882 1883 9
1884 1885 9
1884 1886 9
1885 1886 9
1887 1888 9
1887 1889 9
1888 1889 9
836 838 9
1890 1891 9
1647 1892 9
1647 1893 9
1892 1893 9
1894 1895 9
1896 1897 9
1896 1898 9
1897 1898 9
1900 1875 9
1901 1902 9
1903 1904 9
1905 1906 9
1905 1907 9
1906 1907 9
1908 1909 9
1910 1911 9
1912 1913 9
1912 1640 9
1913 1640 9
1483 1481 9
1916 1891 9
1918 1919 9
1918 1920 9
1919 1920 9
1921 1922 9
1925 1895 9
1926 1927 9
1928 1929 9
1928 1930 9
1929 1930 9
1931 1892 9
1932 1933 9
1932 1934 9
1932 1935 9
1933 1934 9
1933 1935 9
1934 1935 9
1936 1937 9
724 683 9
1939 1638 9
1939 1940 9
1638 1940 9
1941 1942 9
1943 1891 9
1944 1945 9
1946 1947 9
1946 1919 9
1946 1948 9
1947 1919 9
1947 1948 9
1919 1948 9
1810 1811 9
1509 1950 9
1509 1951 9
1509 1952 9
1950 1951 9
1950 1952 9
1951 1952 9
1953 1954 9
1955 1508 9
1956 1957 9
1500 1501 9
1958 1811 9
1958 1959 9
1811 1959 9
1963 1964 9
1963 1965 9
1964 1965 9
1966 1967 9
1549 1550 9
1968 1969 9
1970 1904 9
1971 9 9
1972 1973 9
1972 1974 9
1973 1974 9
1975 1976 9
1977 1978 9
1715 1717 9
1979 1980 9
1981 1982 9
1981 1983 9
1982 1983 9
1984 1985 9
1984 1986 9
1984 1987 9
1984 540 9
1985 1986 9
1985 1987 9
1985 540 9
1986 1987 9
1986 540 9
1987 540 9
1988 1989 9
1990 1991 9
984 1992 9
984 1676 9
1992 1676 9
1993 1994 9
1995 1996 9
1998 1897 9
1743 1874 9
1743 1875 9
1874 1875 9
1999 2000 9
1999 2001 9
1999 2002 9
2000 2001 9
2000 2002 9
2001 2002 9
2003 2004 9
2003 2005 9
2004 2005 9
168 166 6
168 88 6
168 87 6
166 88 6
166 87 6
88 87 6
1075 2009 6
1075 2010 6
2009 2010 6
2011 2012 6
2011 412 6
2012 412 6
2013 2012 6
2014 998 6
2015 2016 6
2015 2017 6
2016 2017 6
2018 2019 6
2020 2021 6
2020 2022 6
2020 2023 6
2021 2022 6
2021 2023 6
2022 2023 6
2024 2025 6
2024 2026 6
2025 2026 6
2027 2028 6
2027 1001 6
2028 1001 6
133 89 6
133 2029 6
133 2030 6
133 90 6
89 2029 6
89 2030 6
89 90 6
2029 2030 6
2029 90 6
2030 90 6
2031 2032 6
2033 2034 6
2033 2035 6
2034 2035 6
2036 2037 6
2038 2039 6
2038 2040 6
2039 2040 6
797 2041 6
797 2029 6
2041 2029 6
105 2042 6
2027 880 6
2043 182 6
2043 2044 6
2043 2045 6
182 2044 6
182 2045 6
2044 2045 6
2046 996 6
2046 997 6
996 997 6
2047 2048 6
643 37 6
643 38 6
37 38 6
2049 2050 6
2049 2051 6
2050 2051 6
2052 2053 6
2052 1035 6
2053 1035 6
2054 2055 17
873 874 17
2056 755 17
2056 756 17
755 756 17
2057 2058 17
2057 2059 17
2057 2060 17
2058 2059 17
2058 2060 17
2059 2060 17
2061 2062 17
2061 2063 17
2062 2063 17
2064 2065 17
2066 804 17
2066 903 17
804 903 17
2067 2068 17
2067 2069 17
2067 2070 17
2067 2071 17
2068 2069 17
2068 2070 17
2068 2071 17
2069 2070 17
2069 2071 17
2070 2071 17
891 2072 17
891 2073 17
891 892 17
891 2074 17
2072 2073 17
2072 892 17
2072 2074 17
2073 892 17
2073 2074 17
892 2074 17
806 805 17
2075 2076 17
2077 2078 17
2077 2079 17
2078 2079 17
2081 2082 17
2081 700 17
2082 700 17
799 800 17
799 801 17
800 801 17
2083 2084 17
2085 2086 17
2088 2089 17
2090 2091 17
2090 2092 17
2091 2092 17
2093 2094 17
2095 2096 17
2095 2097 17
2095 2098 17
2095 2099 17
2096 2097 17
2096 2098 17
2096 2099 17
2097 2098 17
2097 2099 17
2098 2099 17
613 2100 17
613 2101 17
613 1539 17
613 2102 17
613 2103 17
2100 2101 17
2100 1539 17
2100 2102 17
2100 2103 17
2101 1539 17
2101 2102 17
2101 2103 17
1539 2102 17
1539 2103 17
2102 2103 17
2104 2105 17
2107 2108 17
2107 2080 17
2108 2080 17
2109 890 17
2110 890 17
2110 2111 17
2110 2112 17
890 2111 17
890 2112 17
2111 2112 17
2114 2115 17
2114 563 17
2115 563 17
2116 2117 17
2118 2119 17
2118 2120 17
2118 2121 17
2118 2122 17
2119 2120 17
2119 2121 17
2119 2122 17
2120 2121 17
2120 2122 17
2121 2122 17
2123 2124 17
2123 2125 17
2124 2125 17
2126 563 17
2126 2115 17
563 2115 17
2127 27 17
2127 2128 17
2127 2129 17
2127 2130 17
27 2128 17
27 2129 17
27 2130 17
2128 2129 17
2128 2130 17
2129 2130 17
2131 2132 17
2131 2133 17
2132 2133 17
883 885 17
883 886 17
885 886 17
2135 2136 17
2135 2137 17
2135 2138 17
2136 2137 17
2136 2138 17
2137 2138 17
2139 2140 17
2139 2141 17
2140 2141 17
753 755 17
753 756 17
755 756 17
2142 2143 17
2144 2092 17
2144 2145 17
2092 2145 17
2146 2087 17
2147 1914 17
1689 2148 17
1689 2149 17
1689 2150 17
1689 2151 17
2148 2149 17
2148 2150 17
2148 2151 17
2149 2150 17
2149 2151 17
2150 2151 17
1650 1649 17
1977 1978 17
931 932 17
2152 2153 17
2152 2154 17
2152 2155 17
2152 2156 17
2153 2154 17
2153 2155 17
2153 2156 17
2154 2155 17
2154 2156 17
2155 2156 17
2157 2158 17
2157 755 17
2157 2159 17
2157 756 17
2158 755 17
2158 2159 17
2158 756 17
755 2159 17
755 756 17
2159 756 17
565 1821 17
2160 2121 17
2160 2161 17
2160 2122 17
2121 2161 17
2121 2122 17
2161 2122 17
2162 2163 17
2162 2164 17
2163 2164 17
563 2165 17
2166 2167 17
2168 2169 17
2171 2172 17
2173 2174 10
2175 2176 10
2173 2177 10
2173 1919 10
2177 1919 10
2178 2179 10
2181 1947 10
2183 2184 10
2185 2186 10
2185 2187 10
2186 2187 10
2188 692 10
2188 2189 10
692 2189 10
2190 2191 10
2190 2192 10
2191 2192 10
2193 2194 10
2195 2196 10
2197 2198 10
2197 2199 10
2198 2199 10
722 720 10
722 665 10
720 665 10
2201 1969 10
2203 2204 10
2205 2206 10
2205 2207 10
2206 2207 10
2178 2208 10
2178 2209 10
2208 2209 10
2210 674 10
2211 2212 10
2211 2213 10
2211 2214 10
2212 2213 10
2212 2214 10
2213 2214 10
2215 1954 10
2216 2217 10
2216 676 10
2217 676 10
2218 2219 10
2220 2221 10
2220 2222 10
2220 2223 10
2220 2224 10
2220 974 10
2221 2222 10
2221 2223 10
2221 2224 10
2221 974 10
2222 2223 10
2222 2224 10
2222 974 10
2223 2224 10
2223 974 10
2224 974 10
2225 470 10
2225 1811 10
470 1811 10
679 2219 10
2226 2227 10
2228 2229 10
2230 2231 10
2232 2233 10
539 540 10
2235 2236 10
2238 2239 10
2240 2241 10
2242 2243 10
2242 1489 10
2242 1490 10
2243 1489 10
2243 1490 10
1489 1490 10
1920 2244 10
1920 2245 10
2244 2245 10
2246 1918 10
2240 2247 10
2248 2249 10
2248 2205 10
2249 2205 10
2250 1947 10
2251 2196 10
2252 2253 10
2252 2254 10
2252 2255 10
2253 2254 10
2253 2255 10
2254 2255 10
2256 2257 10
700 2260 10
700 2261 10
700 2262 10
700 2263 10
700 2264 10
2260 2261 10
2260 2262 10
2260 2263 10
2260 2264 10
2261 2262 10
2261 2263 10
2261 2264 10
2262 2263 10
2262 2264 10
2263 2264 10
2265 1205 10
2266 2267 10
2266 2268 10
2266 2269 10
2267 2268 10
2267 2269 10
2268 2269 10
2272 1920 10
1647 2273 10
2248 2205 10
737 738 10
737 739 10
738 739 10
2274 2275 10
2274 2276 10
2274 2193 10
2275 2276 10
2275 2193 10
2276 2193 10
1947 2277 10
1947 2278 10
1947 1640 10
2277 2278 10
2277 1640 10
2278 1640 10
2279 974 10
2279 717 10
974 717 10
2280 2281 10
1883 1881 10
2282 2247 10
2283 1949 10
2283 2284 10
1949 2284 10
2285 2286 23
2285 2287 23
2286 2287 23
2288 2289 23
2288 2290 23
2289 2290 23
2291 2292 23
2291 2293 23
2291 2294 23
2291 2295 23
2292 2293 23
2292 2294 23
2292 2295 23
2293 2294 23
2293 2295 23
2294 2295 23
2296 2297 23
2296 2298 23
2296 2299 23
2296 2300 23
2296 2301 23
2297 2298 23
2297 2299 23
2297 2300 23
2297 2301 23
2298 2299 23
2298 2300 23
2298 2301 23
2299 2300 23
2299 2301 23
2300 2301 23
2302 2303 23
2302 2304 23
2302 2305 23
2303 2304 23
2303 2305 23
2304 2305 23
2306 2245 23
2307 2308 23
2307 2309 23
2308 2309 23
2310 2311 23
2312 2313 23
2312 2314 23
2313 2314 23
2315 712 23
2315 2316 23
2315 2317 23
2315 2318 23
712 2316 23
712 2317 23
712 2318 23
2316 2317 23
2316 2318 23
2317 2318 23
2319 2320 23
2321 2322 23
2323 2324 23
2323 2325 23
2324 2325 23
2326 2327 23
2328 2329 23
2328 2330 23
2328 2331 23
2329 2330 23
2329 2331 23
2330 2331 23
2332 2333 23
2332 2314 23
2333 2314 23
2334 2335 23
2336 2337 23
2336 2338 23
2336 2339 23
2336 1712 23
2337 2338 23
2337 2339 23
2337 1712 23
2338 2339 23
2338 1712 23
2339 1712 23
2340 2341 23
2340 2342 23
2340 2343 23
2340 2344 23
2341 2342 23
2341 2343 23
2341 2344 23
2342 2343 23
2342 2344 23
2343 2344 23
2345 2346 23
2347 2348 23
2349 2350 23
2349 2332 23
2350 2332 23
2351 2352 23
2353 2354 23
2353 2355 23
2353 2313 23
2353 2356 23
2354 2355 23
2354 2313 23
2354 2356 23
2355 2313 23
2355 2356 23
2313 2356 23
2357 2358 23
2357 2359 23
2358 2359 23
2360 2361 23
2360 2355 23
2361 2355 23
2362 2363 23
2364 2365 23
262 2290 23
262 2288 23
262 2366 23
262 1983 23
2290 2288 23
2290 2366 23
2290 1983 23
2288 2366 23
2288 1983 23
2366 1983 23
2367 2368 23
2369 2370 23
2372 2373 23
2374 2375 23
2296 2376 23
2296 2377 23
2376 2377 23
2378 2379 23
2380 2381 23
2383 2384 23
2335 2385 23
2335 2386 23
2385 2386 23
2387 2388 23
2387 2389 23
2388 2389 23
2390 2290 23
2390 2391 23
2290 2391 23
2392 2393 23
2392 2394 23
2393 2394 23
2395 2396 23
2395 2397 23
2396 2397 23
2398 2399 23
2398 2302 23
2399 2302 23
2400 2401 23
2400 2402 23
2401 2402 23
2403 2404 23
2405 2406 23
2407 2408 23
2407 683 23
2407 2409 23
2408 683 23
2408 2409 23
683 2409 23
2336 2410 23
2336 1712 23
2410 1712 23
2411 2412 23
2411 540 23
2412 540 23
2413 2414 23
2415 2416 23
2417 2418 23
2417 2419 23
2418 2419 23
2420 2408 23
2420 2421 23
2420 264 23
2408 2421 23
2408 264 23
2421 264 23
2351 2352 23
2423 2424 23
2423 2425 23
2424 2425 23
2426 2370 23
2427 2428 23
2429 2430 23
2432 2433 23
2434 2435 23
2434 2436 23
2435 2436 23
2437 2413 23
2437 2414 23
2413 2414 23
2439 2440 23
2441 2373 23
2442 2443 23
2444 2445 23
2444 2446 23
2445 2446 23
274 275 23
2426 2370 23
2426 2369 23
2370 2369 23
2336 2447 23
2336 2448 23
2336 683 23
2336 2449 23
2336 1712 23
2447 2448 23
2447 683 23
2447 2449 23
2447 1712 23
2448 683 23
2448 2449 23
2448 1712 23
683 2449 23
683 1712 23
2449 1712 23
2450 2451 23
2450 2452 23
2451 2452 23
2453 2454 23
2455 2456 23
2457 2458 23
2457 2459 23
2458 2459 23
2460 1802 23
2461 2462 23
2461 2463 23
2461 2464 23
2462 2463 23
2462 2464 23
2463 2464 23
2465 2466 23
2465 2467 23
2465 2468 23
2465 2469 23
2465 2470 23
2465 2471 23
2466 2467 23
2466 2468 23
2466 2469 23
2466 2470 23
2466 2471 23
2467 2468 23
2467 2469 23
2467 2470 23
2467 2471 23
2468 2469 23
2468 2470 23
2468 2471 23
2469 2470 23
2469 2471 23
2470 2471 23
2472 2352 23
2473 2474 23
2475 2476 23
2475 2477 23
2476 2477 23
2478 2479 23
2478 2480 23
2479 2480 23
2481 2482 23
2483 2484 23
2485 2486 23
2487 2488 23
2487 2489 23
2487 2490 23
2488 2489 23
2488 2490 23
2489 2490 23
2491 2492 23
2491 2493 23
2492 2493 23
2494 2495 23
2494 2496 23
2494 2435 23
2495 2496 23
2495 2435 23
2496 2435 23
2497 219 23
2499 2363 23
2499 2500 23
2363 2500 23
249 1752 23
2502 2430 23
2503 245 23
2504 2505 23
2504 2506 23
2505 2506 23
2507 2451 23
2508 2509 23
2508 2510 23
2508 2511 23
2509 2510 23
2509 2511 23
2510 2511 23
2512 2406 23
2514 2515 23
2514 2409 23
2514 2516 23
2515 2409 23
2515 2516 23
2409 2516 23
2517 2518 23
2285 2287 23
2334 2335 23
2316 2520 23
2316 2391 23
2520 2391 23
2521 2522 23
2521 2523 23
2522 2523 23
2524 712 23
2525 245 23
2525 2526 23
245 2526 23
2527 264 23
2528 2529 23
2528 2530 23
2528 2531 23
2529 2530 23
2529 2531 23
2530 2531 23
2413 2414 23
2532 2533 23
2534 2535 23
2534 2536 23
2535 2536 23
2537 1712 23
2537 2336 23
1712 2336 23
2538 2539 23
2540 2541 23
2540 2542 23
2541 2542 23
2303 2302 23
2543 2544 23
2545 2332 23
2546 2547 23
2548 2549 23
2550 2551 23
2552 2553 23
2554 2555 23
2556 2557 23
2556 2558 23
2557 2558 23
2559 2560 23
2559 2561 23
2559 2562 23
2560 2561 23
2560 2562 23
2561 2562 23
2351 2352 23
2563 2564 23
2563 2565 23
2564 2565 23
2566 2567 23
2568 2313 23
2568 2355 23
2313 2355 23
2569 2570 23
2569 2571 23
2569 2471 23
2570 2571 23
2570 2471 23
2571 2471 23
2572 2573 23
237 227 23
298 219 23
298 299 23
219 299 23
2575 2344 23
2575 2576 23
2344 2576 23
2577 2551 23
690 691 23
690 692 23
690 693 23
691 692 23
691 693 23
692 693 23
2425 2424 23
2425 2580 23
2425 2581 23
2425 2582 23
2425 2423 23
2424 2580 23
2424 2581 23
2424 2582 23
2424 2423 23
2580 2581 23
2580 2582 23
2580 2423 23
2581 2582 23
2581 2423 23
2582 2423 23
2583 2584 23
2585 2551 23
2586 292 23
2587 2588 23
2587 2589 23
2588 2589 23
2591 2313 23
2591 2355 23
2313 2355 23
2392 2592 23
2392 2393 23
2592 2393 23
2593 2594 23
2351 2595 23
2351 2352 23
2595 2352 23
2392 2393 23
2596 2456 23
2597 2598 23
2599 2600 23
2599 2601 23
2599 2602 23
2599 2368 23
2600 2601 23
2600 2602 23
2600 2368 23
2601 2602 23
2601 2368 23
2602 2368 23
2603 2604 23
2603 2355 23
2603 2605 23
2604 2355 23
2604 2605 23
2355 2605 23
2606 2391 23
2607 2425 23
2607 2608 23
2425 2608 23
2609 2610 23
2609 2611 23
2610 2611 23
2613 2614 23
2613 2414 23
2613 2615 23
2614 2414 23
2614 2615 23
2414 2615 23
2616 264 23
2517 2617 23
2517 2618 23
2617 2618 23
2619 2620 23
2621 2622 23
2621 2623 23
2621 2493 23
2621 2624 23
2621 2563 23
2621 2625 23
2622 2623 23
2622 2493 23
2622 2624 23
2622 2563 23
2622 2625 23
2623 2493 23
2623 2624 23
2623 2563 23
2623 2625 23
2493 2624 23
2493 2563 23
2493 2625 23
2624 2563 23
2624 2625 23
2563 2625 23
2626 2627 23
2628 2629 23
2628 2630 23
2629 2630 23
2631 2632 23
2631 2633 23
2631 2443 23
2632 2633 23
2632 2443 23
2633 2443 23
2634 2635 23
2636 2637 23
2638 2639 23
2640 2641 23
2642 2643 23
2642 2637 23
2643 2637 23
1396 1395 23
1396 1397 23
1395 1397 23
2644 2645 23
2646 2547 23
2647 2648 23
2647 2649 23
2647 2650 23
2648 2649 23
2648 2650 23
2649 2650 23
309 225 23
2651 2290 23
2651 2565 23
2290 2565 23
2652 2653 23
2654 2527 23
2654 264 23
2527 264 23
2655 2656 23
2657 2658 23
2659 2660 23
2661 2662 23
2414 2663 23
2394 2409 23
2664 254 23
2665 2666 23
2665 2667 23
2665 2668 23
2666 2667 23
2666 2668 23
2667 2668 23
2669 2670 23
2516 2409 23
2516 2515 23
2409 2515 23
2671 2534 23
2671 2535 23
2671 2536 23
2534 2535 23
2534 2536 23
2535 2536 23
2672 2673 23
2674 2577 23
2674 2551 23
2577 2551 23
2675 2676 23
2675 2677 23
2675 2678 23
2675 2679 23
2675 2680 23
2676 2677 23
2676 2678 23
2676 2679 23
2676 2680 23
2677 2678 23
2677 2679 23
2677 2680 23
2678 2679 23
2678 2680 23
2679 2680 23
2681 292 23
2507 2682 23
2683 2684 23
2350 2349 23
2350 2332 23
2349 2332 23
2685 2686 23
2687 2688 23
2687 2355 23
2687 2689 23
2688 2355 23
2688 2689 23
2355 2689 23
2690 2373 23
2691 1397 23
2692 2693 23
2692 2522 23
2693 2522 23
2694 2695 23
2696 2697 23
2698 2699 23
2700 2701 23
2702 2703 23
2702 2704 23
2702 2705 23
2703 2704 23
2703 2705 23
2704 2705 23
2706 2670 23
2707 2708 23
2709 676 7
1501 1500 7
2711 2712 7
2713 2714 7
2713 2715 7
2713 2716 7
2714 2715 7
2714 2716 7
2715 2716 7
1624 1625 7
2717 2718 7
2719 2720 7
2721 2186 7
2722 2723 7
2724 2725 7
2726 2727 7
2726 2728 7
2726 2729 7
2726 2730 7
2726 2731 7
2727 2728 7
2727 2729 7
2727 2730 7
2727 2731 7
2728 2729 7
2728 2730 7
2728 2731 7
2729 2730 7
2729 2731 7
2730 2731 7
2732 2733 7
2732 2734 7
2733 2734 7
2735 2736 7
2738 2739 7
2741 2742 7
2743 2744 7
2745 2731 7
2745 2746 7
2731 2746 7
2747 2748 7
2747 2749 7
2748 2749 7
2750 2751 7
1919 2753 7
2754 2755 7
2754 2756 7
2754 2757 7
2754 2758 7
2754 2759 7
2755 2756 7
2755 2757 7
2755 2758 7
2755 2759 7
2756 2757 7
2756 2758 7
2756 2759 7
2757 2758 7
2757 2759 7
2758 2759 7
2760 2761 7
2760 2762 7
2761 2762 7
2763 2764 7
2766 2767 7
2766 2768 7
2767 2768 7
2205 2770 7
775 776 7
2771 2772 7
2771 2773 7
2772 2773 7
2774 2775 7
2774 2776 7
2774 2777 7
2775 2776 7
2775 2777 7
2776 2777 7
2223 2221 7
2223 1032 7
2223 2222 7
2223 2224 7
2223 2778 7
2221 1032 7
2221 2222 7
2221 2224 7
2221 2778 7
1032 2222 7
1032 2224 7
1032 2778 7
2222 2224 7
2222 2778 7
2224 2778 7
2779 2780 7
2781 2782 7
2781 2783 7
2782 2783 7
2784 2785 7
2786 2787 7
2206 2788 7
1894 1895 7
2789 2790 7
2791 2792 7
1606 2793 7
1606 2794 7
2793 2794 7
2795 2796 7
2795 2797 7
2796 2797 7
2798 2799 7
2800 2267 7
2800 2801 7
2800 2802 7
2267 2801 7
2267 2802 7
2801 2802 7
2803 2804 7
2803 2805 7
2803 2806 7
2804 2805 7
2804 2806 7
2805 2806 7
2808 2809 7
2810 2811 7
2810 2812 7
2811 2812 7
2813 2270 7
2814 2815 7
2814 2816 7
2815 2816 7
2817 1904 7
2085 2086 7
2819 2820 7
2819 2821 7
2820 2821 7
2822 1615 7
2823 2824 7
2823 2825 7
2823 2826 7
2824 2825 7
2824 2826 7
2825 2826 7
2252 2254 7
2252 2827 7
2252 2828 7
2254 2827 7
2254 2828 7
2827 2828 7
2829 1919 7
2830 2831 7
2267 2268 7
2267 2833 7
2268 2833 7
2231 2834 7
2837 2838 7
2839 2840 7
2841 2842 7
2841 2843 7
2842 2843 7
2844 2845 7
2847 1723 7
2848 2849 7
2848 2850 7
2849 2850 7
2851 2852 7
2851 2853 7
2852 2853 7
2855 2856 7
2855 2857 7
2856 2857 7
2858 2859 7
2860 2861 7
2860 2862 7
2861 2862 7
2863 2864 7
2863 2865 7
2864 2865 7
1089 1090 7
1089 2867 7
1090 2867 7
2868 2869 7
2868 2870 7
2868 2871 7
2869 2870 7
2869 2871 7
2870 2871 7
2872 2873 7
2874 2875 7
2876 2877 7
2876 2878 7
2877 2878 7
2879 2880 7
2086 2085 7
2086 2881 7
2085 2881 7
2882 2883 7
2851 2885 7
2886 2887 7
2890 2891 7
2890 2892 7
2891 2892 7
2094 2893 7
2094 2894 7
2893 2894 7
2895 2896 7
2897 2898 7
2267 2268 7
2267 2833 7
2268 2833 7
1948 2177 7
1948 1919 7
2177 1919 7
2899 1483 7
2899 93 7
1483 93 7
2900 2828 7
2901 2902 7
2904 2905 7
2904 2906 7
2904 2907 7
2904 2908 7
2905 2906 7
2905 2907 7
2905 2908 7
2906 2907 7
2906 2908 7
2907 2908 7
2910 2832 7
2911 2912 7
2911 2913 7
2911 1906 7
2912 2913 7
2912 1906 7
2913 1906 7
2914 2915 7
1810 1809 7
1810 1811 7
1809 1811 7
2917 2918 7
2920 2921 7
2920 2922 7
2921 2922 7
2923 2924 7
2923 473 7
2924 473 7
2926 2819 7
2926 2927 7
2926 2928 7
2819 2927 7
2819 2928 7
2927 2928 7
2929 2930 7
2194 2931 7
2194 2193 7
2931 2193 7
2932 1625 7
2932 2933 7
1625 2933 7
2934 2207 7
2934 2935 7
2207 2935 7
2936 1028 7
2936 2937 7
1028 2937 7
2734 2938 7
2939 2940 7
2939 2941 7
2940 2941 7
2942 2943 7
2944 2945 7
2946 2750 7
2240 2247 7
1970 1904 7
2924 2200 7
2947 2948 7
2947 2949 7
2948 2949 7
2950 2951 7
2950 2952 7
2951 2952 7
2953 2954 7
2953 2955 7
2953 2956 7
2953 2957 7
2954 2955 7
2954 2956 7
2954 2957 7
2955 2956 7
2955 2957 7
2956 2957 7
2958 2959 7
2960 2961 7
2960 2962 7
2960 2963 7
2961 2962 7
2961 2963 7
2962 2963 7
2964 2965 7
2964 2966 7
2965 2966 7
2967 2968 7
2967 2969 7
2968 2969 7
2971 2972 7
2971 2973 7
2972 2973 7
2975 2976 7
2977 2978 7
2977 2979 7
2978 2979 7
2980 2981 7
2982 1597 7
2983 2984 7
2196 2895 7
2929 2985 7
2986 2987 7
2988 2989 7
2990 2991 7
2992 2993 7
2992 2994 7
2992 2995 7
2993 2994 7
2993 2995 7
2994 2995 7
2997 2998 7
2999 3000 7
2999 3001 7
3000 3001 7
3002 3003 7
2207 2888 7
3005 2916 7
3006 2888 7
2811 3007 7
2811 3008 7
3007 3008 7
2924 3009 7
2924 3010 7
2924 3011 7
3009 3010 7
3009 3011 7
3010 3011 7
2756 2754 7
2756 3013 7
2756 1012 7
2756 3014 7
2754 3013 7
2754 1012 7
2754 3014 7
3013 1012 7
3013 3014 7
1012 3014 7
1715 1717 7
3015 3016 7
3015 3017 7
3015 3018 7
3015 3019 7
3016 3017 7
3016 3018 7
3016 3019 7
3017 3018 7
3017 3019 7
3018 3019 7
3020 3021 7
3022 1203 7
3022 3023 7
3022 3024 7
1203 3023 7
1203 3024 7
3023 3024 7
3025 3026 7
3025 2977 7
3025 3027 7
3026 2977 7
3026 3027 7
2977 3027 7
3028 3029 7
3028 3030 7
3028 3031 7
3028 3032 7
3028 3033 7
3029 3030 7
3029 3031 7
3029 3032 7
3029 3033 7
3030 3031 7
3030 3032 7
3030 3033 7
3031 3032 7
3031 3033 7
3032 3033 7
2272 1919 7
2272 2174 7
1919 2174 7
1979 2831 7
3022 1203 7
3035 3036 7
3037 3038 7
3039 2183 7
3039 2895 7
3039 3040 7
2183 2895 7
2183 3040 7
2895 3040 7
3042 3043 7
3044 3045 7
3044 3046 7
3045 3046 7
3047 3048 7
3049 3050 7
3051 852 7
2205 3052 7
2205 3053 7
3052 3053 7
3054 2243 7
3055 3056 7
2795 2796 7
2795 2797 7
2795 2873 7
2796 2797 7
2796 2873 7
2797 2873 7
3059 3060 7
3059 3061 7
3060 3061 7
1721 1722 7
1721 3062 7
1721 3063 7
1722 3062 7
1722 3063 7
3062 3063 7
2755 2757 7
2755 2754 7
2755 2758 7
2755 3064 7
2757 2754 7
2757 2758 7
2757 3064 7
2754 2758 7
2754 3064 7
2758 3064 7
2955 3065 7
2955 3066 7
2955 3067 7
3065 3066 7
3065 3067 7
3066 3067 7
3068 3069 7
3072 3073 7
3072 3074 7
3073 3074 7
