1 2 2
1 3 2
2 3 2
4 5 2
4 6 2
4 7 2
5 6 2
5 7 2
6 7 2
8 9 2
8 10 2
8 11 2
8 12 2
9 10 2
9 11 2
9 12 2
10 11 2
10 12 2
11 12 2
13 14 2
13 15 2
13 16 2
13 17 2
14 15 2
14 16 2
14 17 2
15 16 2
15 17 2
16 17 2
18 19 2
18 20 2
19 20 2
21 22 2
21 23 2
21 24 2
21 25 2
22 23 2
22 24 2
22 25 2
23 24 2
23 25 2
24 25 2
26 27 2
28 29 2
28 30 2
28 31 2
29 30 2
29 31 2
30 31 2
32 33 2
32 34 2
33 34 2
35 36 2
37 38 2
37 39 2
38 39 2
40 41 2
42 43 2
42 44 2
42 45 2
43 44 2
43 45 2
44 45 2
46 47 2
46 48 2
47 48 2
49 50 2
49 51 2
49 52 2
50 51 2
50 52 2
51 52 2
53 54 2
53 55 2
53 56 2
53 57 2
54 55 2
54 56 2
54 57 2
55 56 2
55 57 2
56 57 2
58 59 2
58 60 2
59 60 2
61 62 2
63 64 2
63 65 2
64 65 2
66 67 2
66 68 2
66 69 2
67 68 2
67 69 2
68 69 2
70 71 2
72 73 2
72 74 2
72 75 2
72 76 2
72 77 2
73 74 2
73 75 2
73 76 2
73 77 2
74 75 2
74 76 2
74 77 2
75 76 2
75 77 2
76 77 2
78 79 2
78 80 2
78 81 2
79 80 2
79 81 2
80 81 2
82 83 2
82 84 2
82 85 2
82 86 2
82 87 2
83 84 2
83 85 2
83 86 2
83 87 2
84 85 2
84 86 2
84 87 2
85 86 2
85 87 2
86 87 2
88 89 2
88 90 2
88 91 2
88 92 2
89 90 2
89 91 2
89 92 2
90 91 2
90 92 2
91 92 2
2 93 2
2 3 2
93 3 2
94 95 2
94 96 2
94 97 2
95 96 2
95 97 2
96 97 2
98 99 2
98 100 2
98 101 2
98 102 2
98 103 2
99 100 2
99 101 2
99 102 2
99 103 2
100 101 2
100 102 2
100 103 2
101 102 2
101 103 2
102 103 2
104 105 2
104 106 2
104 107 2
105 106 2
105 107 2
106 107 2
108 109 2
108 110 2
108 111 2
108 112 2
109 110 2
109 111 2
109 112 2
110 111 2
110 112 2
111 112 2
113 114 2
113 115 2
114 115 2
116 117 2
116 118 2
116 119 2
116 120 2
116 121 2
117 118 2
117 119 2
117 120 2
117 121 2
118 119 2
118 120 2
118 121 2
119 120 2
119 121 2
120 121 2
122 105 2
122 123 2
105 123 2
124 125 2
126 67 2
126 127 2
67 127 2
128 129 2
130 131 2
132 133 2
134 135 2
134 136 2
134 137 2
135 136 2
135 137 2
136 137 2
138 139 2
138 140 2
138 141 2
139 140 2
139 141 2
140 141 2
142 143 2
142 144 2
142 145 2
143 144 2
143 145 2
144 145 2
146 147 2
146 148 2
147 148 2
50 107 2
50 149 2
50 150 2
50 151 2
107 149 2
107 150 2
107 151 2
149 150 2
149 151 2
150 151 2
99 101 2
99 152 2
99 103 2
101 152 2
101 103 2
152 103 2
153 154 2
153 155 2
153 156 2
153 110 2
154 155 2
154 156 2
154 110 2
155 156 2
155 110 2
156 110 2
157 158 2
157 5 2
157 111 2
158 5 2
158 111 2
5 111 2
159 160 2
159 125 2
160 125 2
161 162 2
161 163 2
161 164 2
162 163 2
162 164 2
163 164 2
165 166 2
165 167 2
165 168 2
165 169 2
165 170 2
165 171 2
166 167 2
166 168 2
166 169 2
166 170 2
166 171 2
167 168 2
167 169 2
167 170 2
167 171 2
168 169 2
168 170 2
168 171 2
169 170 2
169 171 2
170 171 2
172 173 2
172 5 2
173 5 2
174 175 2
174 176 2
174 177 2
175 176 2
175 177 2
176 177 2
178 179 2
178 151 2
179 151 2
180 181 2
182 183 2
182 184 2
182 185 2
182 186 2
182 187 2
183 184 2
183 185 2
183 186 2
183 187 2
184 185 2
184 186 2
184 187 2
185 186 2
185 187 2
186 187 2
124 188 2
124 189 2
188 189 2
190 191 2
190 192 2
190 193 2
190 194 2
191 192 2
191 193 2
191 194 2
192 193 2
192 194 2
193 194 2
195 196 2
88 89 2
88 90 2
88 91 2
89 90 2
89 91 2
90 91 2
197 198 2
199 200 2
199 201 2
199 202 2
200 201 2
200 202 2
201 202 2
203 204 2
203 205 2
203 206 2
203 207 2
204 205 2
204 206 2
204 207 2
205 206 2
205 207 2
206 207 2
208 204 2
209 210 2
209 211 2
209 212 2
210 211 2
210 212 2
211 212 2
213 214 2
213 215 2
214 215 2
216 217 2
216 179 2
216 151 2
217 179 2
217 151 2
179 151 2
218 219 2
218 220 2
218 221 2
219 220 2
219 221 2
220 221 2
222 223 2
222 29 2
222 31 2
223 29 2
223 31 2
29 31 2
224 225 2
224 226 2
225 226 2
227 114 2
227 228 2
227 229 2
114 228 2
114 229 2
228 229 2
124 230 2
124 189 2
230 189 2
231 232 2
231 233 2
232 233 2
234 235 2
234 236 2
234 237 2
235 236 2
235 237 2
236 237 2
238 239 2
240 241 2
240 36 2
240 242 2
241 36 2
241 242 2
36 242 2
243 244 2
243 245 2
243 133 2
244 245 2
244 133 2
245 133 2
246 247 2
246 248 2
247 248 2
249 250 2
249 251 2
249 252 2
249 213 2
250 251 2
250 252 2
250 213 2
251 252 2
251 213 2
252 213 2
253 254 2
253 255 2
253 256 2
254 255 2
254 256 2
255 256 2
257 133 2
257 258 2
257 203 2
133 258 2
133 203 2
258 203 2
259 260 2
261 262 2
261 263 2
261 264 2
262 263 2
262 264 2
263 264 2
266 267 2
266 268 2
267 268 2
5 157 2
5 111 2
157 111 2
174 269 2
174 175 2
174 270 2
174 271 2
174 176 2
174 272 2
269 175 2
269 270 2
269 271 2
269 176 2
269 272 2
175 270 2
175 271 2
175 176 2
175 272 2
270 271 2
270 176 2
270 272 2
271 176 2
271 272 2
176 272 2
273 274 2
273 275 2
274 275 2
276 277 2
278 107 2
278 279 2
278 280 2
107 279 2
107 280 2
279 280 2
281 282 2
281 198 2
281 283 2
282 198 2
282 283 2
198 283 2
9 284 2
9 11 2
284 11 2
285 286 2
287 68 2
287 288 2
287 67 2
68 288 2
68 67 2
288 67 2
289 290 2
289 291 2
289 292 2
289 293 2
289 294 2
290 291 2
290 292 2
290 293 2
290 294 2
291 292 2
291 293 2
291 294 2
292 293 2
292 294 2
293 294 2
295 102 2
295 296 2
102 296 2
105 297 2
105 107 2
105 298 2
297 107 2
297 298 2
107 298 2
299 300 2
301 302 2
301 303 2
302 303 2
304 268 2
304 267 2
304 305 2
268 267 2
268 305 2
267 305 2
306 307 2
306 308 2
306 309 2
307 308 2
307 309 2
308 309 2
310 311 2
310 312 2
311 312 2
313 314 2
315 316 2
315 317 2
315 318 2
316 317 2
316 318 2
317 318 2
319 320 2
319 321 2
320 321 2
322 323 2
322 324 2
323 324 2
325 52 2
325 326 2
52 326 2
327 328 2
327 329 2
328 329 2
218 330 2
218 331 2
218 332 2
330 331 2
330 332 2
331 332 2
333 334 2
333 129 2
334 129 2
335 336 2
335 337 2
336 337 2
338 33 2
338 34 2
33 34 2
339 340 2
341 342 2
341 343 2
341 344 2
342 343 2
342 344 2
343 344 2
345 346 2
345 52 2
345 347 2
346 52 2
346 347 2
52 347 2
348 349 2
348 324 2
348 350 2
349 324 2
349 350 2
324 350 2
351 352 2
351 353 2
352 353 2
354 355 2
354 356 2
355 356 2
357 358 2
357 359 2
358 359 2
360 361 2
360 362 2
361 362 2
363 11 2
363 364 2
363 365 2
11 364 2
11 365 2
364 365 2
366 367 2
368 369 2
368 370 2
368 371 2
368 54 2
369 370 2
369 371 2
369 54 2
370 371 2
370 54 2
371 54 2
372 373 2
372 346 2
373 346 2
374 375 2
374 376 2
375 376 2
377 378 2
377 379 2
377 380 2
378 379 2
378 380 2
379 380 2
381 58 2
381 59 2
381 382 2
381 60 2
58 59 2
58 382 2
58 60 2
59 382 2
59 60 2
382 60 2
383 384 2
383 385 2
383 386 2
384 385 2
384 386 2
385 386 2
387 388 2
389 390 2
389 391 2
390 391 2
392 393 2
392 394 2
393 394 2
379 380 2
395 396 2
395 397 2
395 398 2
395 399 2
396 397 2
396 398 2
396 399 2
397 398 2
397 399 2
398 399 2
153 154 2
153 110 2
154 110 2
56 336 2
56 400 2
336 400 2
401 402 2
401 403 2
402 403 2
404 405 2
404 406 2
405 406 2
195 407 2
195 131 2
195 196 2
407 131 2
407 196 2
131 196 2
408 264 2
408 409 2
408 410 2
264 409 2
264 410 2
409 410 2
411 5 2
411 412 2
411 413 2
5 412 2
5 413 2
412 413 2
414 415 2
414 416 2
415 416 2
417 50 2
412 413 2
412 5 2
412 411 2
413 5 2
413 411 2
5 411 2
418 419 2
418 420 2
419 420 2
421 422 2
421 423 2
422 423 2
424 267 2
424 268 2
424 266 2
267 268 2
267 266 2
268 266 2
425 426 2
427 428 2
427 429 2
428 429 2
430 131 2
255 253 2
431 432 2
433 434 2
433 435 2
434 435 2
436 437 2
436 438 2
436 283 2
436 212 2
437 438 2
437 283 2
437 212 2
438 283 2
438 212 2
283 212 2
439 440 2
439 441 2
439 442 2
440 441 2
440 442 2
441 442 2
443 444 2
443 445 2
443 446 2
444 445 2
444 446 2
445 446 2
447 438 2
41 448 2
41 40 2
448 40 2
449 450 2
451 452 2
451 453 2
451 454 2
452 453 2
452 454 2
453 454 2
455 456 2
455 426 2
456 426 2
457 458 2
457 459 2
458 459 2
461 462 2
461 463 2
462 463 2
464 465 2
464 466 2
464 467 2
464 468 2
464 469 2
465 466 2
465 467 2
465 468 2
465 469 2
466 467 2
466 468 2
466 469 2
467 468 2
467 469 2
468 469 2
470 317 2
470 318 2
470 471 2
317 318 2
317 471 2
318 471 2
472 473 2
370 107 2
370 279 2
107 279 2
1 474 2
1 475 2
1 476 2
1 477 2
474 475 2
474 476 2
474 477 2
475 476 2
475 477 2
476 477 2
478 312 2
479 480 2
481 482 2
483 484 2
483 485 2
483 279 2
484 485 2
484 279 2
485 279 2
486 487 2
488 489 25
490 491 25
492 493 25
494 495 25
496 497 25
498 499 25
500 501 25
500 502 25
501 502 25
503 504 25
503 505 25
503 506 25
504 505 25
504 506 25
505 506 25
507 508 25
507 509 25
507 510 25
507 511 25
508 509 25
508 510 25
508 511 25
509 510 25
509 511 25
510 511 25
512 513 25
512 514 25
513 514 25
515 516 25
517 518 25
517 519 25
518 519 25
520 521 25
522 523 25
522 524 25
523 524 25
525 526 25
525 527 25
526 527 25
528 529 25
530 523 25
530 524 25
523 524 25
531 532 25
531 533 25
532 533 25
534 535 25
536 537 25
536 538 25
536 539 25
536 540 25
537 538 25
537 539 25
537 540 25
538 539 25
538 540 25
539 540 25
541 542 25
543 544 25
546 547 25
522 524 25
522 523 25
524 523 25
548 549 25
550 551 25
552 553 25
554 555 25
554 556 25
555 556 25
559 560 25
559 561 25
560 561 25
562 563 25
562 564 25
563 564 25
565 566 25
565 567 25
565 568 25
566 567 25
566 568 25
567 568 25
569 570 25
571 572 25
573 574 25
575 576 25
577 578 25
577 579 25
578 579 25
580 581 25
582 583 25
582 584 25
583 584 25
586 544 25
587 588 25
587 589 25
587 590 25
587 591 25
587 592 25
588 589 25
588 590 25
588 591 25
588 592 25
589 590 25
589 591 25
589 592 25
590 591 25
590 592 25
591 592 25
593 573 25
594 595 25
594 596 25
594 597 25
594 598 25
595 596 25
595 597 25
595 598 25
596 597 25
596 598 25
597 598 25
599 600 25
599 601 25
600 601 25
602 603 25
602 604 25
603 604 25
605 606 25
605 607 25
606 607 25
608 609 25
610 611 25
612 513 25
613 614 25
613 615 25
613 616 25
614 615 25
614 616 25
615 616 25
617 618 25
525 526 25
525 527 25
526 527 25
619 620 25
619 621 25
620 621 25
622 513 25
623 535 25
624 625 25
624 626 25
625 626 25
627 628 25
627 629 25
627 630 25
627 631 25
628 629 25
628 630 25
628 631 25
629 630 25
629 631 25
630 631 25
632 633 25
634 635 25
636 637 25
636 638 25
636 639 25
636 640 25
637 638 25
637 639 25
637 640 25
638 639 25
638 640 25
639 640 25
641 642 25
641 643 25
642 643 25
644 574 25
645 646 25
645 647 25
646 647 25
648 649 25
648 650 25
648 651 25
649 650 25
649 651 25
650 651 25
652 547 25
653 513 25
654 655 25
654 656 25
654 657 25
655 656 25
655 657 25
656 657 25
658 659 25
661 662 25
661 663 25
661 664 25
661 665 25
661 666 25
662 663 25
662 664 25
662 665 25
662 666 25
663 664 25
663 665 25
663 666 25
664 665 25
664 666 25
665 666 25
668 669 25
668 670 25
668 671 25
669 670 25
669 671 25
670 671 25
672 673 25
674 675 25
676 677 25
676 678 25
676 679 25
676 511 25
677 678 25
677 679 25
677 511 25
678 679 25
678 511 25
679 511 25
681 682 25
681 626 25
682 626 25
683 684 25
685 686 25
687 688 25
687 689 25
688 689 25
690 611 25
690 533 25
611 533 25
691 692 25
691 693 25
691 694 25
691 695 25
692 693 25
692 694 25
692 695 25
693 694 25
693 695 25
694 695 25
696 597 25
696 598 25
597 598 25
697 698 25
699 516 25
700 701 25
700 702 25
700 703 25
701 702 25
701 703 25
702 703 25
704 705 25
706 707 25
708 709 25
710 711 25
712 513 25
712 653 25
513 653 25
713 714 25
713 715 25
713 716 25
714 715 25
714 716 25
715 716 25
717 718 25
719 720 25
719 721 25
720 721 25
722 518 25
722 511 25
722 611 25
518 511 25
518 611 25
511 611 25
723 724 25
723 725 25
723 726 25
723 727 25
724 725 25
724 726 25
724 727 25
725 726 25
725 727 25
726 727 25
728 729 25
728 730 25
729 730 25
520 521 25
731 732 25
731 733 25
731 734 25
732 733 25
732 734 25
733 734 25
735 736 25
735 737 25
735 738 25
736 737 25
736 738 25
737 738 25
739 740 25
741 742 25
741 743 25
742 743 25
744 513 25
745 746 25
747 748 25
747 749 25
747 750 25
747 751 25
747 752 25
747 753 25
748 749 25
748 750 25
748 751 25
748 752 25
748 753 25
749 750 25
749 751 25
749 752 25
749 753 25
750 751 25
750 752 25
750 753 25
751 752 25
751 753 25
752 753 25
754 755 25
756 757 25
756 758 25
757 758 25
759 760 25
759 761 25
760 761 25
723 726 25
150 762 25
763 626 25
763 718 25
626 718 25
764 765 25
764 766 25
765 766 25
767 557 25
768 769 25
768 770 25
769 770 25
771 772 25
771 773 25
772 773 25
774 726 25
775 521 25
776 777 25
776 778 25
776 779 25
777 778 25
777 779 25
778 779 25
780 781 25
780 782 25
780 783 25
781 782 25
781 783 25
782 783 25
784 785 25
786 787 25
572 789 25
790 791 25
792 669 25
792 670 25
669 670 25
682 793 25
682 794 25
793 794 25
795 27 5
796 5 5
796 111 5
5 111 5
797 798 5
797 799 5
797 800 5
798 799 5
798 800 5
799 800 5
380 378 5
380 379 5
380 404 5
378 379 5
378 404 5
379 404 5
60 801 5
60 802 5
60 803 5
60 804 5
60 59 5
801 802 5
801 803 5
801 804 5
801 59 5
802 803 5
802 804 5
802 59 5
803 804 5
803 59 5
804 59 5
197 286 5
197 198 5
286 198 5
4 5 5
4 6 5
5 6 5
806 807 5
806 147 5
806 808 5
807 147 5
807 808 5
147 808 5
390 809 5
390 810 5
390 391 5
390 811 5
390 812 5
809 810 5
809 391 5
809 811 5
809 812 5
810 391 5
810 811 5
810 812 5
391 811 5
391 812 5
811 812 5
211 813 5
211 814 5
813 814 5
815 816 5
815 817 5
815 818 5
816 817 5
816 818 5
817 818 5
819 312 5
820 821 5
820 205 5
820 822 5
820 823 5
821 205 5
821 822 5
821 823 5
205 822 5
205 823 5
822 823 5
70 71 5
824 825 5
824 826 5
825 826 5
292 125 5
236 827 5
306 828 5
306 93 5
306 829 5
828 93 5
828 829 5
93 829 5
830 831 5
830 832 5
830 833 5
831 832 5
831 833 5
832 833 5
124 125 5
834 835 5
836 837 5
836 838 5
837 838 5
839 840 5
839 841 5
839 842 5
839 843 5
840 841 5
840 842 5
840 843 5
841 842 5
841 843 5
842 843 5
845 846 5
845 847 5
845 848 5
845 849 5
845 112 5
845 850 5
846 847 5
846 848 5
846 849 5
846 112 5
846 850 5
847 848 5
847 849 5
847 112 5
847 850 5
848 849 5
848 112 5
848 850 5
849 112 5
849 850 5
112 850 5
851 852 5
851 853 5
851 854 5
852 853 5
852 854 5
853 854 5
855 856 5
855 857 5
855 308 5
855 858 5
855 805 5
855 859 5
856 857 5
856 308 5
856 858 5
856 805 5
856 859 5
857 308 5
857 858 5
857 805 5
857 859 5
308 858 5
308 805 5
308 859 5
858 805 5
858 859 5
805 859 5
860 826 5
860 861 5
826 861 5
862 263 5
862 863 5
862 264 5
862 864 5
263 863 5
263 264 5
263 864 5
863 264 5
863 864 5
264 864 5
865 866 5
865 867 5
865 868 5
865 869 5
865 870 5
865 33 5
865 34 5
866 867 5
866 868 5
866 869 5
866 870 5
866 33 5
866 34 5
867 868 5
867 869 5
867 870 5
867 33 5
867 34 5
868 869 5
868 870 5
868 33 5
868 34 5
869 870 5
869 33 5
869 34 5
870 33 5
870 34 5
33 34 5
871 872 5
871 873 5
871 874 5
871 875 5
872 873 5
872 874 5
872 875 5
873 874 5
873 875 5
874 875 5
876 210 5
876 209 5
876 877 5
876 62 5
876 878 5
876 212 5
210 209 5
210 877 5
210 62 5
210 878 5
210 212 5
209 877 5
209 62 5
209 878 5
209 212 5
877 62 5
877 878 5
877 212 5
62 878 5
62 212 5
878 212 5
250 879 5
250 880 5
250 881 5
879 880 5
879 881 5
880 881 5
882 883 5
882 884 5
882 885 5
883 884 5
883 885 5
884 885 5
886 887 5
886 110 5
886 888 5
887 110 5
887 888 5
110 888 5
139 140 5
139 346 5
139 889 5
140 346 5
140 889 5
346 889 5
890 891 5
890 892 5
890 893 5
890 317 5
891 892 5
891 893 5
891 317 5
892 893 5
892 317 5
893 317 5
894 895 5
894 896 5
894 81 5
895 896 5
895 81 5
896 81 5
897 898 5
213 214 5
213 250 5
213 215 5
214 250 5
214 215 5
250 215 5
899 900 5
899 901 5
899 902 5
900 901 5
900 902 5
901 902 5
903 904 5
903 905 5
903 906 5
904 905 5
904 906 5
905 906 5
907 908 5
907 909 5
908 909 5
910 911 5
910 912 5
910 913 5
910 125 5
911 912 5
911 913 5
911 125 5
912 913 5
912 125 5
913 125 5
914 915 5
914 916 5
914 324 5
914 917 5
915 916 5
915 324 5
915 917 5
916 324 5
916 917 5
324 917 5
865 33 5
865 918 5
865 919 5
33 918 5
33 919 5
918 919 5
51 920 5
51 921 5
920 921 5
922 834 5
922 835 5
834 835 5
923 924 5
923 884 5
923 925 5
923 926 5
924 884 5
924 925 5
924 926 5
884 925 5
884 926 5
925 926 5
927 928 5
927 929 5
927 141 5
927 140 5
928 929 5
928 141 5
928 140 5
929 141 5
929 140 5
141 140 5
930 931 5
932 351 5
932 933 5
932 352 5
351 933 5
351 352 5
933 352 5
934 935 5
934 204 5
934 936 5
935 204 5
935 936 5
204 936 5
937 938 5
937 939 5
937 940 5
937 941 5
938 939 5
938 940 5
938 941 5
939 940 5
939 941 5
940 941 5
942 943 5
942 944 5
942 945 5
942 946 5
943 944 5
943 945 5
943 946 5
944 945 5
944 946 5
945 946 5
947 881 5
822 948 5
949 124 5
950 951 5
950 952 5
950 953 5
951 952 5
951 953 5
952 953 5
235 236 5
954 955 5
954 956 5
954 957 5
954 958 5
955 956 5
955 957 5
955 958 5
956 957 5
956 958 5
957 958 5
960 893 5
960 961 5
960 317 5
960 318 5
960 890 5
893 961 5
893 317 5
893 318 5
893 890 5
961 317 5
961 318 5
961 890 5
317 318 5
317 890 5
318 890 5
281 963 5
281 964 5
281 198 5
963 964 5
963 198 5
964 198 5
203 156 5
203 212 5
203 965 5
156 212 5
156 965 5
212 965 5
966 255 5
966 967 5
966 253 5
255 967 5
255 253 5
967 253 5
968 969 5
968 970 5
968 971 5
969 970 5
969 971 5
970 971 5
972 50 5
210 209 5
210 211 5
210 212 5
209 211 5
209 212 5
211 212 5
412 173 5
412 5 5
173 5 5
973 974 5
973 925 5
974 925 5
975 976 5
975 977 5
975 978 5
976 977 5
976 978 5
977 978 5
979 81 5
980 981 5
980 982 5
981 982 5
983 981 5
983 984 5
981 984 5
985 986 5
985 987 5
985 285 5
986 987 5
986 285 5
987 285 5
797 799 5
797 988 5
799 988 5
989 990 5
989 991 5
989 125 5
990 991 5
990 125 5
991 125 5
338 33 5
338 34 5
338 992 5
33 34 5
33 992 5
34 992 5
993 230 5
993 189 5
230 189 5
994 995 5
994 996 5
994 997 5
995 996 5
995 997 5
996 997 5
62 998 5
62 999 5
62 1000 5
62 965 5
998 999 5
998 1000 5
998 965 5
999 1000 5
999 965 5
1000 965 5
1001 329 5
1002 1003 5
1004 1005 5
1004 1006 5
1004 1007 5
1005 1006 5
1005 1007 5
1006 1007 5
1008 1009 5
1008 1010 5
1008 1011 5
1009 1010 5
1009 1011 5
1010 1011 5
1012 1013 5
1012 1014 5
1012 262 5
1013 1014 5
1013 262 5
1014 262 5
343 298 5
343 346 5
343 107 5
298 346 5
298 107 5
346 107 5
1015 1016 5
1017 1018 5
1017 1019 5
1018 1019 5
1020 1021 5
1020 1022 5
1020 1023 5
1021 1022 5
1021 1023 5
1022 1023 5
405 404 5
892 1024 5
892 893 5
892 891 5
892 317 5
892 890 5
1024 893 5
1024 891 5
1024 317 5
1024 890 5
893 891 5
893 317 5
893 890 5
891 317 5
891 890 5
317 890 5
1025 1026 5
1025 1027 5
1025 1028 5
1025 406 5
1026 1027 5
1026 1028 5
1026 406 5
1027 1028 5
1027 406 5
1028 406 5
1029 826 5
1029 204 5
826 204 5
1031 1032 5
1031 1033 5
1031 1034 5
1031 1035 5
1032 1033 5
1032 1034 5
1032 1035 5
1033 1034 5
1033 1035 5
1034 1035 5
8 11 5
8 12 5
11 12 5
167 168 5
167 1036 5
167 1037 5
167 1038 5
167 1039 5
168 1036 5
168 1037 5
168 1038 5
168 1039 5
1036 1037 5
1036 1038 5
1036 1039 5
1037 1038 5
1037 1039 5
1038 1039 5
972 50 5
1040 133 5
1040 1041 5
133 1041 5
1042 279 5
1042 343 5
279 343 5
1043 1044 5
1024 892 5
1024 893 5
1024 317 5
1024 890 5
1024 891 5
892 893 5
892 317 5
892 890 5
892 891 5
893 317 5
893 890 5
893 891 5
317 890 5
317 891 5
890 891 5
1045 1046 5
1045 1047 5
1045 1048 5
1045 866 5
1045 1049 5
1045 1050 5
1046 1047 5
1046 1048 5
1046 866 5
1046 1049 5
1046 1050 5
1047 1048 5
1047 866 5
1047 1049 5
1047 1050 5
1048 866 5
1048 1049 5
1048 1050 5
866 1049 5
866 1050 5
1049 1050 5
1051 1052 5
1051 1053 5
1051 1054 5
1051 1055 5
1052 1053 5
1052 1054 5
1052 1055 5
1053 1054 5
1053 1055 5
1054 1055 5
1056 1057 5
1056 1058 5
1056 1059 5
1056 1060 5
1057 1058 5
1057 1059 5
1057 1060 5
1058 1059 5
1058 1060 5
1059 1060 5
920 51 5
447 438 5
1061 1062 5
412 5 5
412 1064 5
412 6 5
5 1064 5
5 6 5
1064 6 5
436 286 5
436 438 5
286 438 5
1066 12 5
1066 11 5
12 11 5
1067 1068 5
1067 932 5
1067 1069 5
1068 932 5
1068 1069 5
932 1069 5
1070 1071 5
1070 1072 5
1071 1072 5
1073 1074 5
1073 1075 5
1073 1076 5
1074 1075 5
1074 1076 5
1075 1076 5
335 286 5
349 324 5
349 1077 5
349 348 5
349 1078 5
324 1077 5
324 348 5
324 1078 5
1077 348 5
1077 1078 5
348 1078 5
42 45 5
1079 1080 5
1081 305 5
1081 932 5
1081 352 5
305 932 5
305 352 5
932 352 5
348 324 5
348 1082 5
348 1083 5
324 1082 5
324 1083 5
1082 1083 5
451 452 5
451 454 5
451 453 5
452 454 5
452 453 5
454 453 5
1084 225 5
1084 1085 5
1084 1086 5
225 1085 5
225 1086 5
1085 1086 5
1087 1088 5
1087 1089 5
1088 1089 5
291 1090 5
291 426 5
1090 426 5
225 1091 5
225 1092 5
1091 1092 5
1093 1094 5
1093 1095 5
1093 1096 5
1093 1097 5
1093 1098 5
1093 1099 5
1094 1095 5
1094 1096 5
1094 1097 5
1094 1098 5
1094 1099 5
1095 1096 5
1095 1097 5
1095 1098 5
1095 1099 5
1096 1097 5
1096 1098 5
1096 1099 5
1097 1098 5
1097 1099 5
1098 1099 5
346 1100 5
346 343 5
346 1101 5
1100 343 5
1100 1101 5
343 1101 5
1102 1103 5
1102 1104 5
1103 1104 5
1105 1106 15
1105 1107 15
1105 1108 15
1106 1107 15
1106 1108 15
1107 1108 15
1109 1110 15
1109 1111 15
1109 1112 15
1109 1113 15
1110 1111 15
1110 1112 15
1110 1113 15
1111 1112 15
1111 1113 15
1112 1113 15
1114 1115 15
1114 1116 15
1114 1117 15
1115 1116 15
1115 1117 15
1116 1117 15
1118 1119 15
1120 111 15
1121 1122 15
1121 1123 15
1122 1123 15
1124 362 15
1125 1126 15
1125 1127 15
1125 1128 15
1126 1127 15
1126 1128 15
1127 1128 15
1129 1130 15
1129 1131 15
1130 1131 15
1132 1133 15
1132 1134 15
1133 1134 15
1135 1136 15
1135 1137 15
1135 1138 15
1136 1137 15
1136 1138 15
1137 1138 15
1105 1139 15
1105 1140 15
1139 1140 15
1141 1142 15
1143 1144 15
1145 1146 15
1145 1147 15
1145 1148 15
1145 1149 15
1145 1150 15
1146 1147 15
1146 1148 15
1146 1149 15
1146 1150 15
1147 1148 15
1147 1149 15
1147 1150 15
1148 1149 15
1148 1150 15
1149 1150 15
1151 191 15
1151 1152 15
1151 1153 15
1151 194 15
191 1152 15
191 1153 15
191 194 15
1152 1153 15
1152 194 15
1153 194 15
1154 41 15
1155 1156 15
1157 1158 15
1157 1159 15
1157 1160 15
1158 1159 15
1158 1160 15
1159 1160 15
1161 1162 15
1161 1163 15
1161 1164 15
1161 1165 15
1162 1163 15
1162 1164 15
1162 1165 15
1163 1164 15
1163 1165 15
1164 1165 15
1166 1167 15
1168 974 15
1168 111 15
974 111 15
1169 1170 15
1169 1171 15
1170 1171 15
1172 1173 15
1172 1174 15
1173 1174 15
1175 1176 15
1175 1177 15
1176 1177 15
974 1168 15
974 111 15
1168 111 15
1178 1179 15
1178 1180 15
1179 1180 15
1181 1182 15
1183 1184 15
1183 1185 15
1183 1186 15
1183 406 15
1184 1185 15
1184 1186 15
1184 406 15
1185 1186 15
1185 406 15
1186 406 15
1187 1188 15
1187 1189 15
1188 1189 15
1190 1191 15
1190 1192 15
1191 1192 15
1193 1194 15
1193 1195 15
1193 192 15
1193 194 15
1194 1195 15
1194 192 15
1194 194 15
1195 192 15
1195 194 15
192 194 15
128 129 15
1197 1144 15
1197 1198 15
1197 1199 15
1197 1200 15
1144 1198 15
1144 1199 15
1144 1200 15
1198 1199 15
1198 1200 15
1199 1200 15
1201 264 15
1201 1202 15
1201 1203 15
264 1202 15
264 1203 15
1202 1203 15
1204 1205 15
1206 1207 15
1206 1141 15
1207 1141 15
1208 275 15
1208 1209 15
1208 273 15
1208 1210 15
275 1209 15
275 273 15
275 1210 15
1209 273 15
1209 1210 15
273 1210 15
1211 1212 15
1211 1213 15
1212 1213 15
1214 1215 15
1214 1216 15
1214 1217 15
1215 1216 15
1215 1217 15
1216 1217 15
1218 1219 15
1220 108 15
1220 1221 15
108 1221 15
1222 1223 15
1224 1225 15
1224 5 15
1225 5 15
1226 1227 15
1226 1228 15
1227 1228 15
1229 1230 15
1231 1232 15
1190 1233 15
1234 1235 15
1236 1237 15
1238 1239 15
1240 1241 15
1240 1242 15
1241 1242 15
1243 1244 15
1243 1173 15
1244 1173 15
1245 1246 15
1245 1247 15
1245 1248 15
1246 1247 15
1246 1248 15
1247 1248 15
1249 1250 15
1251 1252 15
1251 1027 15
1252 1027 15
1253 1254 15
1253 1255 15
1253 1256 15
1253 1257 15
1254 1255 15
1254 1256 15
1254 1257 15
1255 1256 15
1255 1257 15
1256 1257 15
1233 1258 15
1233 1190 15
1233 1259 15
1258 1190 15
1258 1259 15
1190 1259 15
1260 1261 15
1262 1263 15
1262 1264 15
1263 1264 15
1265 1266 15
1265 1267 15
1265 1268 15
1265 1269 15
1266 1267 15
1266 1268 15
1266 1269 15
1267 1268 15
1267 1269 15
1268 1269 15
924 925 15
924 1270 15
925 1270 15
1271 1272 15
1271 1273 15
1272 1273 15
1274 1275 15
1274 1276 15
1274 1277 15
1274 1278 15
1275 1276 15
1275 1277 15
1275 1278 15
1276 1277 15
1276 1278 15
1277 1278 15
1279 1280 15
1281 1221 15
1281 1282 15
1281 1190 15
1221 1282 15
1221 1190 15
1282 1190 15
1283 360 15
1283 1284 15
1283 1285 15
1283 1286 15
360 1284 15
360 1285 15
360 1286 15
1284 1285 15
1284 1286 15
1285 1286 15
1287 1288 15
1289 1290 15
1291 1292 15
1291 1293 15
1291 1294 15
1292 1293 15
1292 1294 15
1293 1294 15
1295 1296 15
1295 1194 15
1295 1195 15
1295 194 15
1295 1297 15
1296 1194 15
1296 1195 15
1296 194 15
1296 1297 15
1194 1195 15
1194 194 15
1194 1297 15
1195 194 15
1195 1297 15
194 1297 15
1298 1299 15
1298 1300 15
1299 1300 15
1301 1141 15
1301 1302 15
1141 1302 15
1303 1304 15
1303 1305 15
1303 1306 15
1303 1307 15
1303 1308 15
1304 1305 15
1304 1306 15
1304 1307 15
1304 1308 15
1305 1306 15
1305 1307 15
1305 1308 15
1306 1307 15
1306 1308 15
1307 1308 15
1309 1310 15
943 942 15
943 944 15
942 944 15
1311 1312 15
1311 1313 15
1311 1314 15
1311 1315 15
1312 1313 15
1312 1314 15
1312 1315 15
1313 1314 15
1313 1315 15
1314 1315 15
1316 1317 15
1318 1319 15
1320 346 15
1320 107 15
1320 52 15
1320 1321 15
346 107 15
346 52 15
346 1321 15
107 52 15
107 1321 15
52 1321 15
1322 1323 15
1324 942 15
1325 1326 15
1327 1328 15
1330 1331 15
1330 1332 15
1330 1317 15
1330 1333 15
1331 1332 15
1331 1317 15
1331 1333 15
1332 1317 15
1332 1333 15
1317 1333 15
333 129 15
1334 1335 15
1336 1337 15
99 102 15
99 296 15
99 1338 15
102 296 15
102 1338 15
296 1338 15
1339 1340 15
1339 1341 15
1339 1342 15
1339 1343 15
1340 1341 15
1340 1342 15
1340 1343 15
1341 1342 15
1341 1343 15
1342 1343 15
1344 1345 15
1344 1346 15
1345 1346 15
1347 1348 15
1347 1349 15
1348 1349 15
1350 1170 15
1350 1351 15
1170 1351 15
1352 1353 15
1352 1354 15
1353 1354 15
1355 1335 15
1355 1356 15
1335 1356 15
1357 1358 15
1215 946 15
1215 1359 15
1215 1360 15
1215 1361 15
1215 111 15
946 1359 15
946 1360 15
946 1361 15
946 111 15
1359 1360 15
1359 1361 15
1359 111 15
1360 1361 15
1360 111 15
1361 111 15
1362 1363 15
1362 1364 15
1363 1364 15
1365 1366 15
1365 1367 15
1365 1368 15
1366 1367 15
1366 1368 15
1367 1368 15
1369 1370 15
1369 1221 15
1370 1221 15
1371 1372 15
1373 1374 15
1375 1376 15
1162 1165 15
1162 1377 15
1162 1164 15
1162 1150 15
1165 1377 15
1165 1164 15
1165 1150 15
1377 1164 15
1377 1150 15
1164 1150 15
1378 1379 15
190 191 15
190 192 15
190 194 15
191 192 15
191 194 15
192 194 15
1380 1381 15
1380 1382 15
1380 1383 15
1381 1382 15
1381 1383 15
1382 1383 15
1384 108 15
1384 1027 15
1384 1028 15
1384 111 15
108 1027 15
108 1028 15
108 111 15
1027 1028 15
1027 111 15
1028 111 15
1385 1386 15
1385 1387 15
1386 1387 15
1388 1389 15
1388 1390 15
1388 1391 15
1389 1390 15
1389 1391 15
1390 1391 15
1064 111 15
1064 5 15
111 5 15
1392 1393 15
1394 1395 15
1394 1396 15
1395 1396 15
1397 1398 15
1397 1399 15
1397 1383 15
1397 1400 15
1398 1399 15
1398 1383 15
1398 1400 15
1399 1383 15
1399 1400 15
1383 1400 15
1401 1402 15
1401 1403 15
1401 39 15
1402 1403 15
1402 39 15
1403 39 15
1349 1404 15
1405 1406 15
1405 1407 15
1406 1407 15
1408 1409 15
1408 1410 15
1408 1411 15
1408 1412 15
1408 1413 15
1409 1410 15
1409 1411 15
1409 1412 15
1409 1413 15
1410 1411 15
1410 1412 15
1410 1413 15
1411 1412 15
1411 1413 15
1412 1413 15
1414 1415 15
1414 1416 15
1414 1417 15
1414 1418 15
1414 1419 15
1415 1416 15
1415 1417 15
1415 1418 15
1415 1419 15
1416 1417 15
1416 1418 15
1416 1419 15
1417 1418 15
1417 1419 15
1418 1419 15
1420 1421 15
1422 1423 15
1422 1424 15
1422 1425 15
1422 1426 15
1422 1427 15
1423 1424 15
1423 1425 15
1423 1426 15
1423 1427 15
1424 1425 15
1424 1426 15
1424 1427 15
1425 1426 15
1425 1427 15
1426 1427 15
1428 1320 15
1428 343 15
1320 343 15
1429 1395 15
1429 1396 15
1395 1396 15
1194 1295 15
1194 1195 15
1194 192 15
1194 1430 15
1194 194 15
1295 1195 15
1295 192 15
1295 1430 15
1295 194 15
1195 192 15
1195 1430 15
1195 194 15
192 1430 15
192 194 15
1430 194 15
1431 112 15
1431 108 15
1431 256 15
1431 30 15
112 108 15
112 256 15
112 30 15
108 256 15
108 30 15
256 30 15
1432 1433 15
1434 1435 15
1436 1437 15
1438 1280 15
1438 1239 15
1280 1239 15
1439 1440 15
1439 1386 15
1439 1387 15
1440 1386 15
1440 1387 15
1386 1387 15
1441 1335 15
1441 1442 15
1335 1442 15
1443 426 15
1443 1444 15
426 1444 15
1445 1446 15
1445 1323 15
1446 1323 15
1447 190 15
1447 1195 15
1447 194 15
1447 192 15
190 1195 15
190 194 15
190 192 15
1195 194 15
1195 192 15
194 192 15
1448 1449 15
1406 1450 15
1406 1407 15
1450 1407 15
1451 944 15
1451 942 15
1451 1452 15
944 942 15
944 1452 15
942 1452 15
47 46 15
47 48 15
46 48 15
942 943 15
942 944 15
942 1453 15
942 1454 15
942 1455 15
943 944 15
943 1453 15
943 1454 15
943 1455 15
944 1453 15
944 1454 15
944 1455 15
1453 1454 15
1453 1455 15
1454 1455 15
1456 99 15
1456 1457 15
99 1457 15
1458 1082 15
1459 1460 15
1459 1461 15
1459 1248 15
1460 1461 15
1460 1248 15
1461 1248 15
1206 1141 15
1462 253 15
1462 256 15
253 256 15
1463 1156 15
1146 1147 15
1146 31 15
1147 31 15
1464 1209 15
1464 273 15
1464 1465 15
1464 275 15
1209 273 15
1209 1465 15
1209 275 15
273 1465 15
273 275 15
1465 275 15
1466 1467 15
1466 362 15
1467 362 15
1468 1469 15
1397 1398 15
1397 1383 15
1397 1470 15
1397 1471 15
1398 1383 15
1398 1470 15
1398 1471 15
1383 1470 15
1383 1471 15
1470 1471 15
1472 1473 15
1474 1475 8
1476 1477 8
1476 1478 8
1476 1479 8
1476 1480 8
1477 1478 8
1477 1479 8
1477 1480 8
1478 1479 8
1478 1480 8
1479 1480 8
1481 1482 8
1481 1483 8
1482 1483 8
1484 1485 8
1487 1488 8
1487 1489 8
1487 1490 8
1487 1491 8
1487 1492 8
1488 1489 8
1488 1490 8
1488 1491 8
1488 1492 8
1489 1490 8
1489 1491 8
1489 1492 8
1490 1491 8
1490 1492 8
1491 1492 8
1493 1494 8
1493 1495 8
1493 1496 8
1494 1495 8
1494 1496 8
1495 1496 8
1497 1498 8
1499 1500 8
1501 1502 8
1501 1503 8
1501 1504 8
1501 1505 8
1501 1506 8
1502 1503 8
1502 1504 8
1502 1505 8
1502 1506 8
1503 1504 8
1503 1505 8
1503 1506 8
1504 1505 8
1504 1506 8
1505 1506 8
1233 1190 8
1233 1507 8
1190 1507 8
1508 1509 8
1508 1510 8
1509 1510 8
1511 1512 8
1513 1514 8
1516 1517 8
1491 1492 8
1518 1519 8
1518 1520 8
1518 1521 8
1518 1522 8
1518 1523 8
1519 1520 8
1519 1521 8
1519 1522 8
1519 1523 8
1520 1521 8
1520 1522 8
1520 1523 8
1521 1522 8
1521 1523 8
1522 1523 8
1524 1525 8
1524 1526 8
1525 1526 8
1527 1528 8
1529 1530 8
1531 1532 8
1533 1534 8
1535 1536 8
1535 1537 8
1536 1537 8
1538 1539 8
1540 1541 8
1540 1542 8
1540 1543 8
1540 1544 8
1541 1542 8
1541 1543 8
1541 1544 8
1542 1543 8
1542 1544 8
1543 1544 8
1491 1545 8
1491 1546 8
1545 1546 8
1548 1549 8
1550 1551 8
1552 1553 8
1552 1554 8
1552 1555 8
1553 1554 8
1553 1555 8
1554 1555 8
1556 1557 8
1558 1559 8
1558 1560 8
1559 1560 8
1561 1562 8
1563 1564 8
1563 1565 8
1564 1565 8
1566 1567 8
1568 1569 8
1570 1571 8
1570 1572 8
1571 1572 8
1573 1574 8
1575 1576 8
1575 1577 8
1576 1577 8
1499 1578 8
1499 1500 8
1578 1500 8
1579 1580 8
1579 1581 8
1580 1581 8
1582 1583 8
1582 1584 8
1582 1585 8
1582 1586 8
1583 1584 8
1583 1585 8
1583 1586 8
1584 1585 8
1584 1586 8
1585 1586 8
1141 1206 8
1587 1492 8
1588 1589 8
1588 1590 8
1589 1590 8
1591 1592 8
1593 1403 8
1594 1595 8
1596 1597 8
1596 1598 8
1597 1598 8
1599 1600 8
1599 1601 8
1600 1601 8
1602 1603 8
1602 1604 8
1603 1604 8
1605 1606 8
1607 1377 8
1608 1500 8
1609 1610 8
1611 1612 8
1611 1613 8
1611 1614 8
1611 1615 8
1612 1613 8
1612 1614 8
1612 1615 8
1613 1614 8
1613 1615 8
1614 1615 8
1616 1500 8
1617 1618 8
1617 1619 8
1618 1619 8
1620 1621 8
1620 1622 8
1620 1623 8
1621 1622 8
1621 1623 8
1622 1623 8
1624 1625 8
1624 1626 8
1624 1627 8
1624 1628 8
1625 1626 8
1625 1627 8
1625 1628 8
1626 1627 8
1626 1628 8
1627 1628 8
1629 1630 8
1631 1632 8
1631 1633 8
1631 1634 8
1631 1635 8
1632 1633 8
1632 1634 8
1632 1635 8
1633 1634 8
1633 1635 8
1634 1635 8
1636 1637 8
1636 1638 8
1636 1639 8
1637 1638 8
1637 1639 8
1638 1639 8
1640 1641 8
1642 1643 8
1642 1644 8
1643 1644 8
1645 1646 8
1648 1649 8
1648 1650 8
1649 1650 8
1651 192 8
1651 1652 8
1651 1403 8
192 1652 8
192 1403 8
1652 1403 8
1653 1654 8
1655 1649 8
1656 1657 8
1656 1658 8
1657 1658 8
1659 1660 8
1659 1661 8
1660 1661 8
1662 1663 8
1662 1664 8
1662 1665 8
1662 1666 8
1662 1667 8
1662 1668 8
1662 1669 8
1663 1664 8
1663 1665 8
1663 1666 8
1663 1667 8
1663 1668 8
1663 1669 8
1664 1665 8
1664 1666 8
1664 1667 8
1664 1668 8
1664 1669 8
1665 1666 8
1665 1667 8
1665 1668 8
1665 1669 8
1666 1667 8
1666 1668 8
1666 1669 8
1667 1668 8
1667 1669 8
1668 1669 8
1670 1671 8
1672 1498 8
1470 1673 8
1675 1676 8
1675 1677 8
1675 1678 8
1675 1679 8
1676 1677 8
1676 1678 8
1676 1679 8
1677 1678 8
1677 1679 8
1678 1679 8
1680 1681 8
1680 1682 8
1680 1683 8
1680 1684 8
1680 1685 8
1680 1686 8
1681 1682 8
1681 1683 8
1681 1684 8
1681 1685 8
1681 1686 8
1682 1683 8
1682 1684 8
1682 1685 8
1682 1686 8
1683 1684 8
1683 1685 8
1683 1686 8
1684 1685 8
1684 1686 8
1685 1686 8
1687 1688 8
1689 1690 8
1689 1691 8
1689 1692 8
1689 1693 8
1689 1694 8
1689 1695 8
1689 1696 8
1689 1697 8
1689 1698 8
1690 1691 8
1690 1692 8
1690 1693 8
1690 1694 8
1690 1695 8
1690 1696 8
1690 1697 8
1690 1698 8
1691 1692 8
1691 1693 8
1691 1694 8
1691 1695 8
1691 1696 8
1691 1697 8
1691 1698 8
1692 1693 8
1692 1694 8
1692 1695 8
1692 1696 8
1692 1697 8
1692 1698 8
1693 1694 8
1693 1695 8
1693 1696 8
1693 1697 8
1693 1698 8
1694 1695 8
1694 1696 8
1694 1697 8
1694 1698 8
1695 1696 8
1695 1697 8
1695 1698 8
1696 1697 8
1696 1698 8
1697 1698 8
1699 1700 8
1699 1701 8
1699 1702 8
1700 1701 8
1700 1702 8
1701 1702 8
1703 1704 8
1705 1706 8
1705 1707 8
1705 1708 8
1705 1709 8
1705 1710 8
1705 1536 8
1705 1711 8
1706 1707 8
1706 1708 8
1706 1709 8
1706 1710 8
1706 1536 8
1706 1711 8
1707 1708 8
1707 1709 8
1707 1710 8
1707 1536 8
1707 1711 8
1708 1709 8
1708 1710 8
1708 1536 8
1708 1711 8
1709 1710 8
1709 1536 8
1709 1711 8
1710 1536 8
1710 1711 8
1536 1711 8
1712 1713 8
1712 1714 8
1712 1715 8
1712 1716 8
1713 1714 8
1713 1715 8
1713 1716 8
1714 1715 8
1714 1716 8
1715 1716 8
1717 1718 8
1719 1720 8
1719 1721 8
1720 1721 8
1723 1724 8
1723 1725 8
1724 1725 8
1726 1727 8
1726 1728 8
1726 1729 8
1726 1730 8
1726 1731 8
1726 1732 8
1726 1733 8
1727 1728 8
1727 1729 8
1727 1730 8
1727 1731 8
1727 1732 8
1727 1733 8
1728 1729 8
1728 1730 8
1728 1731 8
1728 1732 8
1728 1733 8
1729 1730 8
1729 1731 8
1729 1732 8
1729 1733 8
1730 1731 8
1730 1732 8
1730 1733 8
1731 1732 8
1731 1733 8
1732 1733 8
1734 1500 8
1735 1736 8
1735 1737 8
1736 1737 8
1550 1551 8
1738 1739 8
1738 1740 8
1738 1741 8
1739 1740 8
1739 1741 8
1740 1741 8
1742 1539 8
1743 1744 8
1743 1745 8
1744 1745 8
1611 1613 8
1611 1614 8
1611 1612 8
1613 1614 8
1613 1612 8
1614 1612 8
1746 1747 8
1748 1749 8
1748 1750 8
1749 1750 8
839 1751 8
1753 1754 8
1753 1755 8
1754 1755 8
1756 1757 8
1758 1759 8
1758 1760 8
1759 1760 8
1761 1762 8
1761 1704 8
1762 1704 8
1763 1764 8
1763 1765 8
1763 1766 8
1764 1765 8
1764 1766 8
1765 1766 8
1767 1768 8
1767 1769 8
1767 1770 8
1768 1769 8
1768 1770 8
1769 1770 8
1771 1772 8
1774 1775 8
1774 1776 8
1775 1776 8
1777 1778 8
1777 1779 8
1778 1779 8
1781 1539 8
1781 711 8
1539 711 8
1782 1783 8
1784 1500 8
1785 1786 8
1543 1787 8
1543 1788 8
1787 1788 8
1789 33 8
1789 1790 8
1789 1791 8
1789 1792 8
1789 1793 8
33 1790 8
33 1791 8
33 1792 8
33 1793 8
1790 1791 8
1790 1792 8
1790 1793 8
1791 1792 8
1791 1793 8
1792 1793 8
1794 1795 8
1713 1796 8
1713 1797 8
1796 1797 8
1798 1799 8
1798 1800 8
1798 1801 8
1798 1802 8
1798 1803 8
1799 1800 8
1799 1801 8
1799 1802 8
1799 1803 8
1800 1801 8
1800 1802 8
1800 1803 8
1801 1802 8
1801 1803 8
1802 1803 8
1538 1539 8
1804 1540 8
1805 1806 8
1805 1807 8
1806 1807 8
1809 1810 8
1811 1812 8
1811 1813 8
1812 1813 8
1608 1814 8
1816 1817 8
1818 1377 8
1819 1820 8
1821 1822 8
1824 1536 8
1825 1826 8
1827 1828 8
1827 1829 8
1828 1829 8
1830 1831 8
1814 1832 8
1814 1833 8
1814 1834 8
1814 1835 8
1814 1836 8
1814 1837 8
1814 1838 8
1814 1839 8
1832 1833 8
1832 1834 8
1832 1835 8
1832 1836 8
1832 1837 8
1832 1838 8
1832 1839 8
1833 1834 8
1833 1835 8
1833 1836 8
1833 1837 8
1833 1838 8
1833 1839 8
1834 1835 8
1834 1836 8
1834 1837 8
1834 1838 8
1834 1839 8
1835 1836 8
1835 1837 8
1835 1838 8
1835 1839 8
1836 1837 8
1836 1838 8
1836 1839 8
1837 1838 8
1837 1839 8
1838 1839 8
1840 1841 8
1842 1329 8
1844 1845 8
1846 1847 8
1846 1848 8
1847 1848 8
1849 1850 8
1849 1851 8
1849 1852 8
1850 1851 8
1850 1852 8
1851 1852 8
1853 1854 8
1853 1855 8
1854 1855 8
1857 1858 8
1859 1712 8
1859 1713 8
1712 1713 8
1860 1861 8
1860 1862 8
1860 1863 8
1861 1862 8
1861 1863 8
1862 1863 8
1864 1865 8
1866 1500 8
1867 1868 8
1869 1870 8
1871 1872 8
1871 1873 8
1871 1874 8
1871 1875 8
1872 1873 8
1872 1874 8
1872 1875 8
1873 1874 8
1873 1875 8
1874 1875 8
1876 1877 8
1878 1879 8
1878 1880 8
1879 1880 8
1881 1882 8
1883 1884 8
1883 1885 8
1883 1886 8
1883 1887 8
1883 1888 8
1883 1889 8
1883 1890 8
1883 1891 8
1883 1892 8
1883 1893 8
1883 1894 8
1883 1895 8
1883 1896 8
1884 1885 8
1884 1886 8
1884 1887 8
1884 1888 8
1884 1889 8
1884 1890 8
1884 1891 8
1884 1892 8
1884 1893 8
1884 1894 8
1884 1895 8
1884 1896 8
1885 1886 8
1885 1887 8
1885 1888 8
1885 1889 8
1885 1890 8
1885 1891 8
1885 1892 8
1885 1893 8
1885 1894 8
1885 1895 8
1885 1896 8
1886 1887 8
1886 1888 8
1886 1889 8
1886 1890 8
1886 1891 8
1886 1892 8
1886 1893 8
1886 1894 8
1886 1895 8
1886 1896 8
1887 1888 8
1887 1889 8
1887 1890 8
1887 1891 8
1887 1892 8
1887 1893 8
1887 1894 8
1887 1895 8
1887 1896 8
1888 1889 8
1888 1890 8
1888 1891 8
1888 1892 8
1888 1893 8
1888 1894 8
1888 1895 8
1888 1896 8
1889 1890 8
1889 1891 8
1889 1892 8
1889 1893 8
1889 1894 8
1889 1895 8
1889 1896 8
1890 1891 8
1890 1892 8
1890 1893 8
1890 1894 8
1890 1895 8
1890 1896 8
1891 1892 8
1891 1893 8
1891 1894 8
1891 1895 8
1891 1896 8
1892 1893 8
1892 1894 8
1892 1895 8
1892 1896 8
1893 1894 8
1893 1895 8
1893 1896 8
1894 1895 8
1894 1896 8
1895 1896 8
1518 1897 8
1898 1899 8
1900 1901 8
1900 1902 8
1900 1903 8
1901 1902 8
1901 1903 8
1902 1903 8
1905 1641 8
1906 1907 8
1906 1908 8
1906 1909 8
1906 1910 8
1907 1908 8
1907 1909 8
1907 1910 8
1908 1909 8
1908 1910 8
1909 1910 8
1911 1912 8
1913 1914 8
1915 1916 8
1915 1917 8
1916 1917 8
1918 1919 8
1920 1377 8
1921 1922 8
1924 1925 8
1924 1926 8
1924 1927 8
1925 1926 8
1925 1927 8
1926 1927 8
1928 1929 8
1928 1351 8
1929 1351 8
1930 1931 8
1930 1932 8
1930 1933 8
1931 1932 8
1931 1933 8
1932 1933 8
1937 1938 8
1937 1939 8
1937 1940 8
1938 1939 8
1938 1940 8
1939 1940 8
1941 1935 8
1942 1869 8
1942 1943 8
1942 1944 8
1942 1945 8
1942 1946 8
1942 1947 8
1869 1943 8
1869 1944 8
1869 1945 8
1869 1946 8
1869 1947 8
1943 1944 8
1943 1945 8
1943 1946 8
1943 1947 8
1944 1945 8
1944 1946 8
1944 1947 8
1945 1946 8
1945 1947 8
1946 1947 8
1948 1949 8
1529 1530 8
1529 1950 8
1529 1951 8
1530 1950 8
1530 1951 8
1950 1951 8
1952 1953 8
1952 1954 8
1952 1955 8
1952 1956 8
1952 1957 8
1953 1954 8
1953 1955 8
1953 1956 8
1953 1957 8
1954 1955 8
1954 1956 8
1954 1957 8
1955 1956 8
1955 1957 8
1956 1957 8
1958 1959 8
313 314 8
1325 1326 8
1961 1962 8
1961 1963 8
1961 1964 8
1962 1963 8
1962 1964 8
1963 1964 8
1965 1966 8
1965 1967 8
1966 1967 8
1968 1969 8
1971 1972 8
1971 1973 8
1971 1974 8
1972 1973 8
1972 1974 8
1973 1974 8
1975 1976 8
1977 1978 8
1977 1979 8
1977 1306 8
1978 1979 8
1978 1306 8
1979 1306 8
1980 1981 8
1982 1983 8
1984 1985 8
1984 1986 8
1984 1987 8
1985 1986 8
1985 1987 8
1986 1987 8
1989 1990 8
1991 1500 8
360 1992 8
360 1993 8
360 111 8
1992 1993 8
1992 111 8
1993 111 8
1994 1995 8
1996 1997 8
1996 1998 8
1996 1999 8
1996 2000 8
1996 2001 8
1997 1998 8
1997 1999 8
1997 2000 8
1997 2001 8
1998 1999 8
1998 2000 8
1998 2001 8
1999 2000 8
1999 2001 8
2000 2001 8
2002 2003 8
2002 2004 8
2002 2005 8
2003 2004 8
2003 2005 8
2004 2005 8
2006 2007 8
2006 1899 8
2007 1899 8
2009 2010 8
2009 2011 8
2009 2012 8
2010 2011 8
2010 2012 8
2011 2012 8
2013 2014 8
1975 2016 8
2017 2018 8
2017 2019 8
2018 2019 8
2021 2022 8
2023 2024 8
2025 2026 8
2025 2027 8
2025 2028 8
2026 2027 8
2026 2028 8
2027 2028 8
2031 2032 8
2031 2013 8
2031 2014 8
2032 2013 8
2032 2014 8
2013 2014 8
2033 2034 8
2033 1841 8
2034 1841 8
2035 1691 8
2035 1964 8
2035 2036 8
2035 2037 8
2035 2038 8
2035 2039 8
1691 1964 8
1691 2036 8
1691 2037 8
1691 2038 8
1691 2039 8
1964 2036 8
1964 2037 8
1964 2038 8
1964 2039 8
2036 2037 8
2036 2038 8
2036 2039 8
2037 2038 8
2037 2039 8
2038 2039 8
2040 2041 8
2042 2043 8
2042 2044 8
2043 2044 8
2045 2046 8
2045 2047 8
2045 1486 8
2045 2048 8
2046 2047 8
2046 1486 8
2046 2048 8
2047 1486 8
2047 2048 8
1486 2048 8
2049 1141 8
2051 2052 8
2051 1470 8
2052 1470 8
1750 2054 8
2055 2056 8
2059 2060 8
2059 2061 8
2060 2061 8
2063 2064 8
2065 1674 8
2065 2066 8
2065 2067 8
2065 2068 8
1674 2066 8
1674 2067 8
1674 2068 8
2066 2067 8
2066 2068 8
2067 2068 8
2069 2070 8
2069 2071 8
2069 2072 8
2070 2071 8
2070 2072 8
2071 2072 8
2073 2074 8
2073 2075 8
2074 2075 8
2076 1661 8
2077 2078 8
2077 2079 8
2078 2079 8
2080 2081 8
2082 2083 8
2082 2084 8
2083 2084 8
2085 2086 8
2085 2087 8
2085 2088 8
2085 2089 8
2085 2090 8
2086 2087 8
2086 2088 8
2086 2089 8
2086 2090 8
2087 2088 8
2087 2089 8
2087 2090 8
2088 2089 8
2088 2090 8
2089 2090 8
2091 2092 8
2093 2094 8
2093 2095 8
2094 2095 8
2096 2097 8
2096 2098 8
2096 2099 8
2096 2100 8
2096 2101 8
2097 2098 8
2097 2099 8
2097 2100 8
2097 2101 8
2098 2099 8
2098 2100 8
2098 2101 8
2099 2100 8
2099 2101 8
2100 2101 8
2102 1584 8
2102 1585 8
1584 1585 8
2103 1901 8
2104 2105 8
2107 1939 8
2108 1807 8
2108 2109 8
1807 2109 8
2110 2075 8
2111 2112 8
2113 2075 8
2113 2114 8
2075 2114 8
2116 2117 8
2116 1879 8
2117 1879 8
2118 2119 8
2118 2120 8
2118 2121 8
2118 2122 8
2118 2123 8
2119 2120 8
2119 2121 8
2119 2122 8
2119 2123 8
2120 2121 8
2120 2122 8
2120 2123 8
2121 2122 8
2121 2123 8
2122 2123 8
2124 2125 8
1734 1500 8
2126 2127 8
2126 2128 8
2127 2128 8
2129 2130 8
2129 2131 8
2130 2131 8
2132 2133 8
2132 2134 8
2132 2135 8
2132 2136 8
2132 2137 8
2133 2134 8
2133 2135 8
2133 2136 8
2133 2137 8
2134 2135 8
2134 2136 8
2134 2137 8
2135 2136 8
2135 2137 8
2136 2137 8
1898 1899 8
2140 2141 8
2142 2143 8
2144 2145 8
2144 2146 8
2144 2147 8
2145 2146 8
2145 2147 8
2146 2147 8
1493 2148 8
1493 1494 8
1493 1495 8
2148 1494 8
2148 1495 8
1494 1495 8
1991 1500 8
2149 2150 8
2149 2151 8
2150 2151 8
2152 2153 8
2152 2154 8
2153 2154 8
2155 2156 8
2155 2157 8
2156 2157 8
1499 1500 8
2158 1262 8
2160 2161 8
2162 2163 8
2162 2164 8
2163 2164 8
2165 2166 8
2167 1500 8
2168 2169 8
2170 2171 8
2170 2172 8
2171 2172 8
2173 2174 8
2175 2176 8
1918 1919 8
2177 2178 8
2177 1995 8
2178 1995 8
2179 2180 8
1326 2181 8
1326 2182 8
1326 2183 8
1326 1325 8
2181 2182 8
2181 2183 8
2181 1325 8
2182 2183 8
2182 1325 8
2183 1325 8
2184 2185 8
2184 2186 8
2185 2186 8
2187 2188 8
2189 1649 8
1136 2190 8
1136 2191 8
1136 406 8
1136 2192 8
2190 2191 8
2190 406 8
2190 2192 8
2191 406 8
2191 2192 8
406 2192 8
2193 2194 8
2193 2195 8
2193 2196 8
2194 2195 8
2194 2196 8
2195 2196 8
2197 2198 8
2197 2199 8
2197 2200 8
2198 2199 8
2198 2200 8
2199 2200 8
2201 2202 8
2201 2203 8
2202 2203 8
2028 2026 8
2028 2025 8
2026 2025 8
2204 1969 8
1808 1843 8
1808 2205 8
1843 2205 8
2206 2207 8
2206 2208 8
2207 2208 8
2210 2211 8
2212 1610 8
2213 2214 8
2213 2215 8
2213 2216 8
2213 2217 8
2213 2218 8
2213 2219 8
2213 2220 8
2214 2215 8
2214 2216 8
2214 2217 8
2214 2218 8
2214 2219 8
2214 2220 8
2215 2216 8
2215 2217 8
2215 2218 8
2215 2219 8
2215 2220 8
2216 2217 8
2216 2218 8
2216 2219 8
2216 2220 8
2217 2218 8
2217 2219 8
2217 2220 8
2218 2219 8
2218 2220 8
2219 2220 8
1535 1536 8
1535 1537 8
1536 1537 8
2221 2222 8
2221 2223 8
2221 2224 8
2222 2223 8
2222 2224 8
2223 2224 8
1824 1535 8
1824 1536 8
1824 2225 8
1824 2226 8
1535 1536 8
1535 2225 8
1535 2226 8
1536 2225 8
1536 2226 8
2225 2226 8
2227 2228 8
2227 2229 8
2227 2230 8
2227 2231 8
2228 2229 8
2228 2230 8
2228 2231 8
2229 2230 8
2229 2231 8
2230 2231 8
2232 2233 8
2235 1868 8
2237 2141 8
2238 2239 8
2238 1969 8
2239 1969 8
1743 2240 8
1743 2241 8
1743 1745 8
2240 2241 8
2240 1745 8
2241 1745 8
2242 1861 8
2243 2244 8
2243 2245 8
2244 2245 8
2246 2247 8
2248 2249 8
2248 2250 8
2248 1677 8
2249 2250 8
2249 1677 8
2250 1677 8
2251 2252 8
1823 1879 8
1823 1713 8
1823 2253 8
1879 1713 8
1879 2253 8
1713 2253 8
2254 1712 8
2254 1713 8
1712 1713 8
2255 1713 8
2255 2256 8
1713 2256 8
2257 2258 8
2260 2261 8
2262 2263 8
2262 2264 8
2263 2264 8
1994 1995 8
2265 2266 8
2267 1613 8
2270 1141 8
2270 2271 8
1141 2271 8
2272 2273 8
2274 2275 8
2277 2278 8
2277 2279 8
2277 2280 8
2278 2279 8
2278 2280 8
2279 2280 8
2281 2282 8
2283 2169 8
2283 2284 8
2283 2285 8
2283 2286 8
2169 2284 8
2169 2285 8
2169 2286 8
2284 2285 8
2284 2286 8
2285 2286 8
2287 2288 8
2287 2289 8
2287 2290 8
2287 2291 8
2287 2292 8
2287 2293 8
2287 2294 8
2287 2295 8
2288 2289 8
2288 2290 8
2288 2291 8
2288 2292 8
2288 2293 8
2288 2294 8
2288 2295 8
2289 2290 8
2289 2291 8
2289 2292 8
2289 2293 8
2289 2294 8
2289 2295 8
2290 2291 8
2290 2292 8
2290 2293 8
2290 2294 8
2290 2295 8
2291 2292 8
2291 2293 8
2291 2294 8
2291 2295 8
2292 2293 8
2292 2294 8
2292 2295 8
2293 2294 8
2293 2295 8
2294 2295 8
2296 2297 8
2298 2299 8
2298 2300 8
2299 2300 8
2301 2302 8
2301 2303 8
2301 2304 8
2301 2305 8
2302 2303 8
2302 2304 8
2302 2305 8
2303 2304 8
2303 2305 8
2304 2305 8
2306 1498 8
2306 1751 8
1498 1751 8
2307 2282 8
2308 1713 8
2308 2309 8
1713 2309 8
2310 2311 8
2312 2313 8
2312 2314 8
2312 2315 8
2313 2314 8
2313 2315 8
2314 2315 8
2316 1317 8
2316 2317 8
2316 1157 8
1317 2317 8
1317 1157 8
2317 1157 8
2318 1317 8
2319 2297 8
2320 2321 8
2320 2322 8
2320 2323 8
2321 2322 8
2321 2323 8
2322 2323 8
2182 1326 8
2324 2325 8
2324 2326 8
2325 2326 8
2328 1969 8
2329 2330 8
2331 2332 8
2331 1492 8
2332 1492 8
2333 2334 8
2335 1597 8
2335 1598 8
1597 1598 8
2336 2337 8
2336 2338 8
2337 2338 8
2339 2340 8
2339 2341 8
2339 2342 8
2339 2343 8
2339 2344 8
2340 2341 8
2340 2342 8
2340 2343 8
2340 2344 8
2341 2342 8
2341 2343 8
2341 2344 8
2342 2343 8
2342 2344 8
2343 2344 8
2345 1576 8
2346 2347 8
2348 2302 8
2349 2350 8
2349 2253 8
2350 2253 8
2351 2352 8
2351 2353 8
2351 2354 8
2352 2353 8
2352 2354 8
2353 2354 8
2110 2355 8
2110 2075 8
2355 2075 8
1475 2356 8
2357 1757 8
2357 2358 8
1757 2358 8
2359 2360 8
2359 2361 8
2359 2362 8
2359 2363 8
2360 2361 8
2360 2362 8
2360 2363 8
2361 2362 8
2361 2363 8
2362 2363 8
2364 2365 8
2364 2366 8
2364 2367 8
2365 2366 8
2365 2367 8
2366 2367 8
2368 2369 8
2368 2370 8
2368 1785 8
2369 2370 8
2369 1785 8
2370 1785 8
2373 1882 8
1614 1082 8
1614 2374 8
1614 2375 8
1082 2374 8
1082 2375 8
2374 2375 8
2376 2131 8
2376 2377 8
2376 2378 8
2131 2377 8
2131 2378 8
2377 2378 8
2379 2152 8
2379 2380 8
2152 2380 8
2381 2382 8
2381 2383 8
2382 2383 8
1508 1509 3
1508 1510 3
1509 1510 3
335 56 3
335 336 3
335 52 3
56 336 3
56 52 3
336 52 3
2385 2386 3
2220 931 3
2220 2214 3
931 2214 3
1000 2388 3
2389 2390 3
2389 999 3
2389 2391 3
2389 2392 3
2389 2393 3
2389 2394 3
2390 999 3
2390 2391 3
2390 2392 3
2390 2393 3
2390 2394 3
999 2391 3
999 2392 3
999 2393 3
999 2394 3
2391 2392 3
2391 2393 3
2391 2394 3
2392 2393 3
2392 2394 3
2393 2394 3
2395 282 3
2395 2396 3
2395 2397 3
282 2396 3
282 2397 3
2396 2397 3
965 2398 3
345 2399 3
1508 800 3
2400 2401 3
2400 2402 3
2401 2402 3
2403 2404 3
2403 2405 3
2403 2406 3
2404 2405 3
2404 2406 3
2405 2406 3
2409 2410 3
2411 2412 3
2411 2413 3
2412 2413 3
2414 2415 3
408 264 3
957 958 3
2409 2416 3
2409 2417 3
2416 2417 3
2418 2419 3
2418 835 3
2419 835 3
2420 2421 3
2422 2423 3
2422 2424 3
2422 858 3
2422 2425 3
2423 2424 3
2423 858 3
2423 2425 3
2424 858 3
2424 2425 3
858 2425 3
2426 1191 3
2426 108 3
2426 2427 3
1191 108 3
1191 2427 3
108 2427 3
2428 345 3
2428 156 3
345 156 3
2429 2430 3
2429 2431 3
2429 2432 3
2429 2433 3
2430 2431 3
2430 2432 3
2430 2433 3
2431 2432 3
2431 2433 3
2432 2433 3
2434 2435 3
2434 2436 3
2435 2436 3
2437 2438 3
2437 2439 3
2437 817 3
2437 2440 3
2438 2439 3
2438 817 3
2438 2440 3
2439 817 3
2439 2440 3
817 2440 3
2441 2406 3
2441 2442 3
2441 2443 3
2406 2442 3
2406 2443 3
2442 2443 3
2444 2445 3
2446 2447 3
2446 2448 3
2446 2449 3
2447 2448 3
2447 2449 3
2448 2449 3
2451 2387 3
211 438 3
211 2452 3
438 2452 3
916 2418 3
916 2453 3
2418 2453 3
2454 2455 19
2454 2456 19
2455 2456 19
2457 2458 19
2457 2459 19
2458 2459 19
2460 2461 19
2460 2462 19
2461 2462 19
2463 2428 19
2465 2466 19
2467 2468 19
2467 2469 19
2468 2469 19
2470 2471 19
2472 2473 19
2472 2474 19
2472 2475 19
2473 2474 19
2473 2475 19
2474 2475 19
2477 2478 19
2477 2431 19
2477 2479 19
2478 2431 19
2478 2479 19
2431 2479 19
2480 2481 19
2480 2482 19
2480 2483 19
2480 2484 19
2480 2485 19
2481 2482 19
2481 2483 19
2481 2484 19
2481 2485 19
2482 2483 19
2482 2484 19
2482 2485 19
2483 2484 19
2483 2485 19
2484 2485 19
2486 2487 19
2486 2488 19
2487 2488 19
2489 2490 19
2492 2456 19
2493 2494 19
2495 2496 19
2495 2497 19
2495 2498 19
2496 2497 19
2496 2498 19
2497 2498 19
2475 2499 19
2500 2501 19
2502 2491 19
2502 2503 19
2502 2504 19
2491 2503 19
2491 2504 19
2503 2504 19
2505 2506 19
2505 2507 19
2506 2507 19
2460 2508 19
2460 2509 19
2460 2510 19
2508 2509 19
2508 2510 19
2509 2510 19
2511 2512 19
2513 2514 19
2513 2515 19
2514 2515 19
2516 2517 19
2516 2462 19
2516 2518 19
2517 2462 19
2517 2518 19
2462 2518 19
2520 2521 19
2522 2523 19
2522 2524 19
2522 2525 19
2523 2524 19
2523 2525 19
2524 2525 19
2527 2528 19
2527 2529 19
2528 2529 19
2530 2531 19
2530 2532 19
2531 2532 19
2533 2530 19
2533 2531 19
2533 2534 19
2530 2531 19
2530 2534 19
2531 2534 19
2536 2537 19
2538 2539 19
2538 2540 19
2539 2540 19
2541 2514 19
2543 2544 19
2545 2546 19
2548 2549 19
2551 2552 19
2551 2518 19
2552 2518 19
2553 2496 19
2553 2554 19
2553 2555 19
2496 2554 19
2496 2555 19
2554 2555 19
2556 2557 19
2556 2558 19
2557 2558 19
2559 2560 19
2561 2562 19
2563 2564 19
2563 2565 19
2563 2566 19
2563 2567 19
2564 2565 19
2564 2566 19
2564 2567 19
2565 2566 19
2565 2567 19
2566 2567 19
2568 2569 19
2568 2570 19
2569 2570 19
2571 2533 19
2572 2491 19
2572 2456 19
2572 2464 19
2491 2456 19
2491 2464 19
2456 2464 19
2573 2574 19
2573 2575 19
2574 2575 19
2576 2577 19
2581 2582 19
2581 2583 19
2581 2584 19
2582 2583 19
2582 2584 19
2583 2584 19
2522 2585 19
2458 2459 19
2586 2587 19
2586 2588 19
2586 2589 19
2587 2588 19
2587 2589 19
2588 2589 19
2590 2455 19
2591 2592 19
2593 2594 19
2593 2595 19
2593 2596 19
2594 2595 19
2594 2596 19
2595 2596 19
2597 1526 19
2597 2598 19
1526 2598 19
2599 2600 19
2601 2602 19
2605 2606 19
2605 2607 19
2606 2607 19
2457 2461 19
2457 2608 19
2461 2608 19
2609 2610 19
2609 2611 19
2610 2611 19
2612 2613 19
2612 2614 19
2612 2615 19
2613 2614 19
2613 2615 19
2614 2615 19
2616 2617 19
2616 2618 19
2617 2618 19
2620 2621 19
2620 2622 19
2621 2622 19
2462 2623 19
2624 2625 1
2626 2627 1
2626 2628 1
2626 2629 1
2627 2628 1
2627 2629 1
2628 2629 1
2443 2630 1
2631 2632 1
65 63 1
65 2633 1
65 64 1
63 2633 1
63 64 1
2633 64 1
37 38 1
37 39 1
38 39 1
991 2635 1
991 160 1
991 125 1
2635 160 1
2635 125 1
160 125 1
2636 2637 1
255 253 1
255 404 1
253 404 1
2638 2639 1
2640 1018 1
2640 2641 1
1018 2641 1
126 67 1
126 2642 1
126 68 1
67 2642 1
67 68 1
2642 68 1
1029 826 1
2643 99 1
2643 296 1
2643 2644 1
99 296 1
99 2644 1
296 2644 1
98 99 1
98 100 1
98 101 1
98 102 1
98 103 1
99 100 1
99 101 1
99 102 1
99 103 1
100 101 1
100 102 1
100 103 1
101 102 1
101 103 1
102 103 1
2645 2646 1
2645 2647 1
2645 2648 1
2646 2647 1
2646 2648 1
2647 2648 1
206 204 1
206 205 1
206 2649 1
206 207 1
204 205 1
204 2649 1
204 207 1
205 2649 1
205 207 1
2649 207 1
460 2650 1
460 797 1
2650 797 1
2651 2652 1
2654 2655 1
2654 2656 1
2655 2656 1
2657 2658 1
2657 981 1
2657 2656 1
2658 981 1
2658 2656 1
981 2656 1
2659 2660 1
2659 2661 1
2660 2661 1
2662 2663 1
2662 2664 1
2662 2665 1
2663 2664 1
2663 2665 1
2664 2665 1
2666 2391 1
2666 277 1
2666 2667 1
2666 2668 1
2391 277 1
2391 2667 1
2391 2668 1
277 2667 1
277 2668 1
2667 2668 1
2669 2670 1
2669 2671 1
2669 2672 1
2669 2673 1
2670 2671 1
2670 2672 1
2670 2673 1
2671 2672 1
2671 2673 1
2672 2673 1
2674 2675 1
2674 2676 1
2674 905 1
2674 2677 1
2674 2678 1
2674 2679 1
2674 2680 1
2674 2681 1
2674 2682 1
2674 1394 1
2675 2676 1
2675 905 1
2675 2677 1
2675 2678 1
2675 2679 1
2675 2680 1
2675 2681 1
2675 2682 1
2675 1394 1
2676 905 1
2676 2677 1
2676 2678 1
2676 2679 1
2676 2680 1
2676 2681 1
2676 2682 1
2676 1394 1
905 2677 1
905 2678 1
905 2679 1
905 2680 1
905 2681 1
905 2682 1
905 1394 1
2677 2678 1
2677 2679 1
2677 2680 1
2677 2681 1
2677 2682 1
2677 1394 1
2678 2679 1
2678 2680 1
2678 2681 1
2678 2682 1
2678 1394 1
2679 2680 1
2679 2681 1
2679 2682 1
2679 1394 1
2680 2681 1
2680 2682 1
2680 1394 1
2681 2682 1
2681 1394 1
2682 1394 1
2683 2684 1
335 286 1
335 2685 1
286 2685 1
2686 2659 1
2686 2660 1
2659 2660 1
2687 2688 1
2687 2689 1
2687 2690 1
2688 2689 1
2688 2690 1
2689 2690 1
2691 2692 1
2691 2693 1
2691 2694 1
2691 1276 1
2691 2695 1
2691 2696 1
2691 2697 1
2692 2693 1
2692 2694 1
2692 1276 1
2692 2695 1
2692 2696 1
2692 2697 1
2693 2694 1
2693 1276 1
2693 2695 1
2693 2696 1
2693 2697 1
2694 1276 1
2694 2695 1
2694 2696 1
2694 2697 1
1276 2695 1
1276 2696 1
1276 2697 1
2695 2696 1
2695 2697 1
2696 2697 1
98 99 1
98 100 1
98 101 1
98 102 1
98 103 1
99 100 1
99 101 1
99 102 1
99 103 1
100 101 1
100 102 1
100 103 1
101 102 1
101 103 1
102 103 1
959 133 1
959 111 1
133 111 1
2698 2699 1
2698 376 1
2699 376 1
2638 2700 1
2638 2701 1
2700 2701 1
2703 2704 1
2703 2705 1
2704 2705 1
2706 2707 1
2706 2708 1
2706 2709 1
2707 2708 1
2707 2709 1
2708 2709 1
949 124 1
2710 112 1
2710 54 1
2710 108 1
2710 111 1
112 54 1
112 108 1
112 111 1
54 108 1
54 111 1
108 111 1
956 2711 1
956 391 1
956 2712 1
2711 391 1
2711 2712 1
391 2712 1
2713 2714 1
2713 2715 1
2713 2716 1
2714 2715 1
2714 2716 1
2715 2716 1
2643 99 1
2643 101 1
2643 102 1
2643 2717 1
99 101 1
99 102 1
99 2717 1
101 102 1
101 2717 1
102 2717 1
823 820 1
823 205 1
823 822 1
820 205 1
820 822 1
205 822 1
2718 2719 1
2720 234 1
2720 235 1
2720 2721 1
2720 236 1
234 235 1
234 2721 1
234 236 1
235 2721 1
235 236 1
2721 236 1
1017 1018 1
1017 68 1
1018 68 1
2722 2723 1
2722 2724 1
2722 2725 1
2722 2726 1
2722 2727 1
2723 2724 1
2723 2725 1
2723 2726 1
2723 2727 1
2724 2725 1
2724 2726 1
2724 2727 1
2725 2726 1
2725 2727 1
2726 2727 1
969 2728 1
969 970 1
2728 970 1
2729 1807 1
2729 2730 1
2729 2731 1
1807 2730 1
1807 2731 1
2730 2731 1
333 334 1
333 129 1
334 129 1
2732 2733 1
2732 2734 1
2732 2735 1
2733 2734 1
2733 2735 1
2734 2735 1
2736 2737 1
2736 2738 1
2737 2738 1
351 352 1
351 353 1
352 353 1
2739 33 1
2740 2741 1
2740 2742 1
2741 2742 1
816 2743 1
2744 129 1
2745 2746 1
2745 2747 1
2745 2748 1
2746 2747 1
2746 2748 1
2747 2748 1
2749 264 1
2749 2750 1
2749 263 1
2749 2751 1
264 2750 1
264 263 1
264 2751 1
2750 263 1
2750 2751 1
263 2751 1
446 2752 1
446 2753 1
446 2754 1
446 2755 1
446 2756 1
446 2757 1
446 2758 1
2752 2753 1
2752 2754 1
2752 2755 1
2752 2756 1
2752 2757 1
2752 2758 1
2753 2754 1
2753 2755 1
2753 2756 1
2753 2757 1
2753 2758 1
2754 2755 1
2754 2756 1
2754 2757 1
2754 2758 1
2755 2756 1
2755 2757 1
2755 2758 1
2756 2757 1
2756 2758 1
2757 2758 1
1 2759 1
1 474 1
1 2760 1
2759 474 1
2759 2760 1
474 2760 1
2654 2761 1
2654 2655 1
2654 2656 1
2654 1119 1
2761 2655 1
2761 2656 1
2761 1119 1
2655 2656 1
2655 1119 1
2656 1119 1
2762 2763 1
2762 2764 1
2763 2764 1
2765 1335 1
2765 195 1
1335 195 1
2766 2767 1
2766 187 1
2766 2768 1
2767 187 1
2767 2768 1
187 2768 1
2769 2770 1
2769 2771 1
2769 2772 1
2769 2773 1
2769 2774 1
2770 2771 1
2770 2772 1
2770 2773 1
2770 2774 1
2771 2772 1
2771 2773 1
2771 2774 1
2772 2773 1
2772 2774 1
2773 2774 1
2775 2776 1
2775 2777 1
2775 2778 1
2776 2777 1
2776 2778 1
2777 2778 1
2779 2780 1
2779 262 1
2780 262 1
347 346 1
347 186 1
346 186 1
2707 2781 1
2707 2782 1
2707 2708 1
2781 2782 1
2781 2708 1
2782 2708 1
2687 2783 1
218 2784 1
28 2785 1
28 2786 1
28 2787 1
28 317 1
28 318 1
2785 2786 1
2785 2787 1
2785 317 1
2785 318 1
2786 2787 1
2786 317 1
2786 318 1
2787 317 1
2787 318 1
317 318 1
2788 276 1
2788 277 1
276 277 1
2789 159 1
2789 160 1
159 160 1
2790 422 1
912 913 1
2791 50 1
2791 279 1
2791 343 1
2791 1428 1
50 279 1
50 343 1
50 1428 1
279 343 1
279 1428 1
343 1428 1
2792 2793 1
2792 2794 1
2792 2795 1
2792 2796 1
2792 2797 1
2792 2628 1
2793 2794 1
2793 2795 1
2793 2796 1
2793 2797 1
2793 2628 1
2794 2795 1
2794 2796 1
2794 2797 1
2794 2628 1
2795 2796 1
2795 2797 1
2795 2628 1
2796 2797 1
2796 2628 1
2797 2628 1
2798 2799 1
2798 50 1
2799 50 1
1020 1022 1
1020 2800 1
1022 2800 1
2801 2802 1
2801 452 1
2802 452 1
2736 2737 1
2736 2738 1
2737 2738 1
2803 2804 1
946 1214 1
946 111 1
1214 111 1
981 984 1
981 105 1
984 105 1
2543 2544 20
2543 2805 20
2543 2806 20
2544 2805 20
2544 2806 20
2805 2806 20
2587 2807 20
2808 2809 20
2810 2811 20
2810 2812 20
2810 2458 20
2810 2813 20
2810 2814 20
2811 2812 20
2811 2458 20
2811 2813 20
2811 2814 20
2812 2458 20
2812 2813 20
2812 2814 20
2458 2813 20
2458 2814 20
2813 2814 20
2815 2816 20
2817 2818 20
1524 1525 20
1524 1526 20
1525 1526 20
2819 2820 20
2819 2821 20
2820 2821 20
2822 2823 20
2822 2824 20
2823 2824 20
2825 2826 20
2825 2827 20
2825 2828 20
2826 2827 20
2826 2828 20
2827 2828 20
2829 2830 20
2829 2831 20
2830 2831 20
2832 2833 20
2832 2834 20
2833 2834 20
2556 2558 20
2835 2836 20
2837 2838 20
2837 2839 20
2837 2621 20
2838 2839 20
2838 2621 20
2839 2621 20
2385 2386 20
2840 2841 20
2840 2842 20
2840 2843 20
2840 2844 20
2841 2842 20
2841 2843 20
2841 2844 20
2842 2843 20
2842 2844 20
2843 2844 20
2845 2846 20
2847 2848 20
2849 2850 20
1838 2852 20
1838 2853 20
2852 2853 20
2854 2855 20
999 2392 20
2538 2845 20
2538 2495 20
2538 2621 20
2845 2495 20
2845 2621 20
2495 2621 20
2856 2857 20
2856 2858 20
2856 2453 20
2857 2858 20
2857 2453 20
2858 2453 20
2859 2860 20
2859 2861 20
2860 2861 20
2862 2863 20
2862 2864 20
2863 2864 20
2867 2868 20
2867 1321 20
2868 1321 20
2389 2869 20
2870 2871 20
2870 2872 20
2871 2872 20
2873 2874 20
2875 2860 20
2845 2876 20
2845 2877 20
2876 2877 20
2878 2879 20
2878 2880 20
2878 2881 20
2879 2880 20
2879 2881 20
2880 2881 20
2882 2883 20
2885 2886 20
2885 2887 20
2885 2888 20
2886 2887 20
2886 2888 20
2887 2888 20
2889 2890 20
2538 2391 20
2891 2892 20
2893 808 20
2894 2895 20
2896 2897 20
2898 2899 20
2898 2900 20
2899 2900 20
2901 2610 20
2902 2903 20
2904 2845 20
2904 2470 20
2904 2905 20
2845 2470 20
2845 2905 20
2470 2905 20
2538 2539 20
2538 2540 20
2539 2540 20
2511 2512 20
2511 2906 20
2512 2906 20
2907 2908 20
2907 2909 20
2908 2909 20
2910 2904 20
2910 2911 20
2910 2591 20
2904 2911 20
2904 2591 20
2911 2591 20
1061 1062 20
1061 336 20
1062 336 20
2914 2915 20
2914 2916 20
2914 2917 20
2914 2918 20
2914 2919 20
2915 2916 20
2915 2917 20
2915 2918 20
2915 2919 20
2916 2917 20
2916 2918 20
2916 2919 20
2917 2918 20
2917 2919 20
2918 2919 20
2920 2921 20
2920 2922 20
2920 2923 20
2920 2924 20
2921 2922 20
2921 2923 20
2921 2924 20
2922 2923 20
2922 2924 20
2923 2924 20
1814 2925 20
1814 1832 20
2925 1832 20
2926 2927 20
2926 2928 20
2927 2928 20
2929 2930 20
2929 2931 20
2930 2931 20
2536 2932 20
2536 2493 20
2932 2493 20
2933 2934 20
2933 2935 20
2933 2936 20
2934 2935 20
2934 2936 20
2935 2936 20
886 2937 20
886 888 20
2937 888 20
2938 2939 20
2938 2940 20
2939 2940 20
2941 2942 20
2941 2943 20
2942 2943 20
2944 2945 20
2522 2946 20
2522 2585 20
2946 2585 20
2947 2948 20
2949 2950 20
2953 2889 20
2561 2482 20
2561 2588 20
2561 2498 20
2561 2954 20
2561 2955 20
2482 2588 20
2482 2498 20
2482 2954 20
2482 2955 20
2588 2498 20
2588 2954 20
2588 2955 20
2498 2954 20
2498 2955 20
2954 2955 20
2956 2957 20
2959 2960 20
2959 2961 20
2960 2961 20
2963 2444 20
2963 2964 20
2963 2965 20
2444 2964 20
2444 2965 20
2964 2965 20
2967 2968 20
2967 2969 20
2967 2970 20
2968 2969 20
2968 2970 20
2969 2970 20
2833 2834 20
2971 2972 20
345 2399 20
345 1321 20
2399 1321 20
345 2973 20
2974 2975 20
2974 2976 20
2974 2977 20
2974 2978 20
2975 2976 20
2975 2977 20
2975 2978 20
2976 2977 20
2976 2978 20
2977 2978 20
2979 2828 20
2980 2981 20
2982 2983 20
2982 2984 20
2983 2984 20
2987 2392 20
2988 2498 20
2911 2989 20
2911 2990 20
2989 2990 20
2846 2991 20
2933 2992 20
2933 2936 20
2992 2936 20
2993 2994 20
2995 2996 20
2997 2552 20
2477 2998 20
2477 2999 20
2477 2585 20
2998 2999 20
2998 2585 20
2999 2585 20
3000 3001 20
3002 3003 20
3002 3004 20
3003 3004 20
2883 2845 20
2883 2487 20
2845 2487 20
2586 3005 20
2586 2835 20
2586 3006 20
3005 2835 20
3005 3006 20
2835 3006 20
3007 3008 20
3007 3009 20
3008 3009 20
3010 2465 20
3011 3012 20
3011 3013 20
3011 3014 20
3012 3013 20
3012 3014 20
3013 3014 20
3015 3016 20
2883 3017 20
2845 2876 20
2845 2877 20
2845 2487 20
2876 2877 20
2876 2487 20
2877 2487 20
2400 3018 20
3019 2883 20
3019 2487 20
2883 2487 20
2910 2911 20
2910 2846 20
2910 2876 20
2910 3020 20
2911 2846 20
2911 2876 20
2911 3020 20
2846 2876 20
2846 3020 20
2876 3020 20
3021 3022 20
3021 3023 20
3022 3023 20
3024 3025 20
3026 3027 20
3026 3028 20
3027 3028 20
3029 3030 20
3031 3032 20
3031 3033 20
3031 3034 20
3031 3035 20
3031 3036 20
3031 3037 20
3031 3038 20
3032 3033 20
3032 3034 20
3032 3035 20
3032 3036 20
3032 3037 20
3032 3038 20
3033 3034 20
3033 3035 20
3033 3036 20
3033 3037 20
3033 3038 20
3034 3035 20
3034 3036 20
3034 3037 20
3034 3038 20
3035 3036 20
3035 3037 20
3035 3038 20
3036 3037 20
3036 3038 20
3037 3038 20
3039 3040 20
3039 2991 20
3039 2903 20
3040 2991 20
3040 2903 20
2991 2903 20
3041 3042 20
3041 3043 20
3041 1262 20
3042 3043 20
3042 1262 20
3043 1262 20
3044 3045 20
3044 3046 20
3045 3046 20
3048 3049 20
3048 3050 20
3048 2507 20
3048 3051 20
3049 3050 20
3049 2507 20
3049 3051 20
3050 2507 20
3050 3051 20
2507 3051 20
3052 3053 20
2592 2834 20
3054 3022 20
2946 2477 20
2946 2466 20
2477 2466 20
3055 3056 20
3055 2955 20
3055 3057 20
3056 2955 20
3056 3057 20
2955 3057 20
3058 2579 20
3059 2973 20
3059 3060 20
3059 3061 20
2973 3060 20
2973 3061 20
3060 3061 20
3062 3063 20
3065 3066 18
2492 3068 18
2492 2456 18
3068 2456 18
2390 3070 18
2390 3071 18
2390 3040 18
3070 3071 18
3070 3040 18
3071 3040 18
2465 3072 18
2987 3073 18
3074 2819 18
3074 3075 18
2819 3075 18
2470 3076 18
3077 3078 18
3079 2990 18
3074 2819 18
2480 2481 18
2480 2461 18
2480 2608 18
2481 2461 18
2481 2608 18
2461 2608 18
2470 3081 18
2470 3082 18
3081 3082 18
2856 2857 18
2856 2858 18
2856 2453 18
2857 2858 18
2857 2453 18
2858 2453 18
3083 3084 18
2482 2955 18
3085 3086 18
2875 2860 18
3087 3088 18
2465 3089 18
2476 3090 18
2476 3091 18
3090 3091 18
2893 808 18
2997 3092 18
2997 3093 18
2997 3094 18
2997 3095 18
2997 3096 18
3092 3093 18
3092 3094 18
3092 3095 18
3092 3096 18
3093 3094 18
3093 3095 18
3093 3096 18
3094 3095 18
3094 3096 18
3095 3096 18
3097 3098 18
2988 2859 18
2860 3099 18
3100 3101 18
3102 3103 18
1274 3104 18
1274 916 18
1274 3105 18
3104 916 18
3104 3105 18
916 3105 18
2513 2845 18
2513 3106 18
2513 2905 18
2845 3106 18
2845 2905 18
3106 2905 18
2597 3107 18
2597 3108 18
2597 3109 18
2597 3110 18
3107 3108 18
3107 3109 18
3107 3110 18
3108 3109 18
3108 3110 18
3109 3110 18
2474 1526 18
2474 2598 18
1526 2598 18
2522 3111 18
2522 2585 18
3111 2585 18
3112 2515 18
3112 3113 18
2515 3113 18
3114 3115 18
3114 3116 18
3115 3116 18
3056 2955 18
2971 2972 18
2971 2591 18
2972 2591 18
3117 3118 18
3117 2889 18
3118 2889 18
2971 2972 18
3120 3121 18
3120 3122 18
3121 3122 18
2619 2913 18
2619 2496 18
2619 3123 18
2913 2496 18
2913 3123 18
2496 3123 18
2520 2521 18
2520 3126 18
2521 3126 18
3127 3128 18
2859 2860 18
2502 3129 18
2502 3130 18
3129 3130 18
3131 3132 18
3133 2896 18
3133 3044 18
2896 3044 18
3134 3135 18
3134 3136 18
3135 3136 18
3137 3138 18
3137 3139 18
3138 3139 18
3140 2499 18
2591 2592 18
3141 3142 18
3141 2488 18
3142 2488 18
2562 2539 18
2562 2540 18
2539 2540 18
3143 3144 18
2496 2510 18
2533 2530 18
2533 3145 18
2533 3130 18
2530 3145 18
2530 3130 18
3145 3130 18
3145 2498 18
3145 3028 18
3145 3146 18
2498 3028 18
2498 3146 18
3028 3146 18
3147 3148 18
3147 3149 18
3148 3149 18
3150 3151 18
3150 3152 18
3150 3153 18
3151 3152 18
3151 3153 18
3152 3153 18
1386 1387 14
1386 1440 14
1386 3154 14
1387 1440 14
1387 3154 14
1440 3154 14
3155 3156 14
2435 3157 14
2435 3158 14
3157 3158 14
3159 3160 14
3159 3161 14
3159 3162 14
3159 3163 14
3159 3164 14
3159 3165 14
3159 3166 14
3160 3161 14
3160 3162 14
3160 3163 14
3160 3164 14
3160 3165 14
3160 3166 14
3161 3162 14
3161 3163 14
3161 3164 14
3161 3165 14
3161 3166 14
3162 3163 14
3162 3164 14
3162 3165 14
3162 3166 14
3163 3164 14
3163 3165 14
3163 3166 14
3164 3165 14
3164 3166 14
3165 3166 14
3167 1346 14
3167 3168 14
1346 3168 14
360 3169 14
974 3170 14
974 925 14
3170 925 14
46 47 14
46 48 14
47 48 14
1062 1700 14
1062 1061 14
1700 1061 14
2624 295 14
2624 99 14
2624 100 14
2624 1338 14
295 99 14
295 100 14
295 1338 14
99 100 14
99 1338 14
100 1338 14
3172 3173 14
3174 3175 14
3174 3176 14
3175 3176 14
3177 3178 14
3177 3179 14
3178 3179 14
3180 3181 14
3180 3182 14
3181 3182 14
1157 3183 14
1157 1264 14
1157 3184 14
3183 1264 14
3183 3184 14
1264 3184 14
3185 3186 14
3185 3187 14
3186 3187 14
1377 3188 14
1377 3189 14
1377 3190 14
3188 3189 14
3188 3190 14
3189 3190 14
3191 3192 14
172 406 14
172 3193 14
406 3193 14
3194 3195 14
3194 360 14
3195 360 14
3196 3197 14
3199 3200 14
3201 3202 14
3201 3203 14
3202 3203 14
3204 3205 14
3204 3206 14
3204 3207 14
3205 3206 14
3205 3207 14
3206 3207 14
3208 3209 14
3208 1479 14
3209 1479 14
3210 1378 14
3210 30 14
1378 30 14
3211 3212 14
3211 3213 14
3211 3214 14
3211 3215 14
3212 3213 14
3212 3214 14
3212 3215 14
3213 3214 14
3213 3215 14
3214 3215 14
3216 3217 14
3218 3219 14
3218 344 14
3218 3220 14
3218 3221 14
3219 344 14
3219 3220 14
3219 3221 14
344 3220 14
344 3221 14
3220 3221 14
3223 3224 14
3223 3225 14
3224 3225 14
2435 3226 14
2435 3158 14
3226 3158 14
3228 3229 14
3228 1348 14
3229 1348 14
1440 2784 14
1440 3154 14
2784 3154 14
3230 1105 14
3230 1140 14
1105 1140 14
3231 3232 14
3231 3233 14
3232 3233 14
3234 3235 14
108 3236 14
108 406 14
108 111 14
108 112 14
3236 406 14
3236 111 14
3236 112 14
406 111 14
406 112 14
111 112 14
3237 267 14
3237 268 14
3237 3238 14
267 268 14
267 3238 14
268 3238 14
3239 3179 14
3188 1377 14
3188 3189 14
3188 3190 14
1377 3189 14
1377 3190 14
3189 3190 14
1270 3240 14
1270 3241 14
1270 884 14
1270 925 14
3240 3241 14
3240 884 14
3240 925 14
3241 884 14
3241 925 14
884 925 14
3242 3243 14
3242 1111 14
3243 1111 14
1233 1190 14
1233 1507 14
1233 3244 14
1190 1507 14
1190 3244 14
1507 3244 14
3245 3168 14
3245 3246 14
3245 3247 14
3168 3246 14
3168 3247 14
3246 3247 14
3248 3249 14
1238 3250 14
1238 1239 14
1238 3251 14
3250 1239 14
3250 3251 14
1239 3251 14
3252 1228 14
3252 3253 14
1228 3253 14
412 3178 14
412 3239 14
412 5 14
3178 3239 14
3178 5 14
3239 5 14
1374 3254 14
1374 3255 14
3254 3255 14
3256 3257 14
3256 3258 14
3256 360 14
3257 3258 14
3257 360 14
3258 360 14
3259 1147 14
3259 339 14
3259 31 14
1147 339 14
1147 31 14
339 31 14
3260 3261 14
3260 3262 14
3261 3262 14
3263 1919 14
3264 3265 14
3266 3267 14
3266 3233 14
3267 3233 14
3268 3269 14
3268 3270 14
3269 3270 14
1317 2318 14
1317 3271 14
1317 3272 14
2318 3271 14
2318 3272 14
3271 3272 14
3273 3274 14
3273 3275 14
3274 3275 14
322 323 14
322 324 14
323 324 14
943 942 14
3276 222 14
3276 29 14
3276 3277 14
3276 31 14
222 29 14
222 3277 14
222 31 14
29 3277 14
29 31 14
3277 31 14
1386 1387 14
1386 3278 14
1386 3279 14
1387 3278 14
1387 3279 14
3278 3279 14
3280 1205 14
3280 3281 14
1205 3281 14
3282 3283 14
3285 41 14
3286 1288 14
3286 1287 14
1288 1287 14
1224 173 14
1224 5 14
1224 111 14
173 5 14
173 111 14
5 111 14
3287 3288 14
3287 3289 14
3288 3289 14
3290 2523 14
3290 3291 14
3290 3292 14
2523 3291 14
2523 3292 14
3291 3292 14
2224 2221 14
412 1064 14
412 157 14
412 5 14
1064 157 14
1064 5 14
157 5 14
274 273 14
274 275 14
274 1372 14
273 275 14
273 1372 14
275 1372 14
1369 3293 14
1369 3294 14
3293 3294 14
3295 2435 14
3295 3158 14
2435 3158 14
3296 3297 14
3296 3298 14
3296 99 14
3296 3299 14
3297 3298 14
3297 99 14
3297 3299 14
3298 99 14
3298 3299 14
99 3299 14
3300 3301 14
295 925 14
295 1270 14
295 3302 14
925 1270 14
925 3302 14
1270 3302 14
404 405 14
404 216 14
405 216 14
3303 267 14
3303 268 14
267 268 14
3304 3305 14
61 3306 14
3307 3308 14
3307 3309 14
3308 3309 14
3310 2857 14
3311 3312 14
3311 2271 14
3311 111 14
3312 2271 14
3312 111 14
2271 111 14
3313 3314 14
3313 3315 14
3314 3315 14
3316 3317 14
3316 1356 14
3316 3318 14
3317 1356 14
3317 3318 14
1356 3318 14
3319 3320 14
3319 3321 14
3319 3322 14
3320 3321 14
3320 3322 14
3321 3322 14
2765 1335 14
3323 3324 14
3323 605 14
3323 3325 14
3323 3249 14
3323 3326 14
3323 3327 14
3324 605 14
3324 3325 14
3324 3249 14
3324 3326 14
3324 3327 14
605 3325 14
605 3249 14
605 3326 14
605 3327 14
3325 3249 14
3325 3326 14
3325 3327 14
3249 3326 14
3249 3327 14
3326 3327 14
3328 3329 14
3328 2776 14
3328 3330 14
3329 2776 14
3329 3330 14
2776 3330 14
3331 3332 14
3331 3317 14
3332 3317 14
3333 3334 14
3336 3337 14
3336 3338 14
3336 3339 14
3336 3340 14
3337 3338 14
3337 3339 14
3337 3340 14
3338 3339 14
3338 3340 14
3339 3340 14
924 925 14
3342 131 14
1398 3343 14
1398 111 14
3343 111 14
3344 3345 14
3344 3346 14
3344 1310 14
3344 1288 14
3344 3347 14
3345 3346 14
3345 1310 14
3345 1288 14
3345 3347 14
3346 1310 14
3346 1288 14
3346 3347 14
1310 1288 14
1310 3347 14
1288 3347 14
1105 1106 14
1105 1139 14
1105 263 14
1105 1201 14
1105 3348 14
1105 3349 14
1105 3350 14
1106 1139 14
1106 263 14
1106 1201 14
1106 3348 14
1106 3349 14
1106 3350 14
1139 263 14
1139 1201 14
1139 3348 14
1139 3349 14
1139 3350 14
263 1201 14
263 3348 14
263 3349 14
263 3350 14
1201 3348 14
1201 3349 14
1201 3350 14
3348 3349 14
3348 3350 14
3349 3350 14
3351 3352 14
3351 1440 14
3352 1440 14
926 925 14
3353 3354 14
3353 125 14
3354 125 14
3355 3356 14
3355 3357 14
3356 3357 14
2403 3358 14
2403 3335 14
3358 3335 14
3360 3361 14
3360 3173 14
3360 3362 14
3360 3363 14
3361 3173 14
3361 3362 14
3361 3363 14
3173 3362 14
3173 3363 14
3362 3363 14
2867 2399 14
2867 2868 14
2867 1321 14
2867 3364 14
2399 2868 14
2399 1321 14
2399 3364 14
2868 1321 14
2868 3364 14
1321 3364 14
3239 412 14
3239 1064 14
3239 5 14
3239 3179 14
412 1064 14
412 5 14
412 3179 14
1064 5 14
1064 3179 14
5 3179 14
1355 1335 14
1355 3365 14
1335 3365 14
1398 1470 14
3366 1235 14
3367 1167 14
1359 946 14
1359 3368 14
1359 942 14
1359 111 14
946 3368 14
946 942 14
946 111 14
3368 942 14
3368 111 14
942 111 14
55 1027 14
55 406 14
55 3369 14
55 1028 14
55 3258 14
1027 406 14
1027 3369 14
1027 1028 14
1027 3258 14
406 3369 14
406 1028 14
406 3258 14
3369 1028 14
3369 3258 14
1028 3258 14
2083 2082 14
2083 3370 14
2083 3371 14
2082 3370 14
2082 3371 14
3370 3371 14
3171 3211 14
3171 3372 14
3211 3372 14
3373 3374 12
3373 3375 12
3374 3375 12
3376 3377 12
3376 53 12
3376 3378 12
3377 53 12
3377 3378 12
53 3378 12
3379 3380 12
1233 1190 12
1233 1507 12
1190 1507 12
3381 3382 12
3381 3383 12
3382 3383 12
3384 3385 12
3384 3386 12
3385 3386 12
3387 3388 12
3389 3390 12
3389 3391 12
3389 3392 12
3389 3393 12
3390 3391 12
3390 3392 12
3390 3393 12
3391 3392 12
3391 3393 12
3392 3393 12
3394 3395 12
3394 3396 12
3394 3397 12
3394 3398 12
3394 463 12
3395 3396 12
3395 3397 12
3395 3398 12
3395 463 12
3396 3397 12
3396 3398 12
3396 463 12
3397 3398 12
3397 463 12
3398 463 12
3399 3400 12
3396 3397 12
3396 463 12
3397 463 12
3401 3402 12
1408 1410 12
1408 1411 12
1408 1409 12
1410 1411 12
1410 1409 12
1411 1409 12
3403 3404 12
3405 3406 12
3405 3407 12
3406 3407 12
3409 3410 12
3411 3412 12
3411 3413 12
3411 3414 12
3412 3413 12
3412 3414 12
3413 3414 12
3415 3416 12
3415 3417 12
3416 3417 12
3420 3402 12
3420 3421 12
3402 3421 12
3422 3423 12
3422 3424 12
3422 3425 12
3423 3424 12
3423 3425 12
3424 3425 12
3426 3427 12
3426 3428 12
3427 3428 12
1152 191 12
1152 194 12
1152 3179 12
191 194 12
191 3179 12
194 3179 12
3429 2026 12
3420 3430 12
3431 3432 12
3431 3433 12
3432 3433 12
1607 1377 12
3435 3436 12
3155 3306 12
3155 3437 12
3306 3437 12
3438 3439 12
3440 3441 12
3440 3442 12
3441 3442 12
3443 3444 12
3445 3446 12
3447 3179 12
3073 3306 12
3448 3449 12
3448 3450 12
3448 3451 12
3448 3452 12
3448 3453 12
3449 3450 12
3449 3451 12
3449 3452 12
3449 3453 12
3450 3451 12
3450 3452 12
3450 3453 12
3451 3452 12
3451 3453 12
3452 3453 12
3454 3455 12
3454 3456 12
3455 3456 12
3457 2258 12
910 3458 12
3459 367 12
3460 2258 12
3460 3461 12
3460 3462 12
2258 3461 12
2258 3462 12
3461 3462 12
3463 3404 12
3290 3464 12
3290 3291 12
3290 3292 12
3464 3291 12
3464 3292 12
3291 3292 12
3450 3449 12
3450 3451 12
3450 3452 12
3450 3448 12
3450 3465 12
3450 3425 12
3449 3451 12
3449 3452 12
3449 3448 12
3449 3465 12
3449 3425 12
3451 3452 12
3451 3448 12
3451 3465 12
3451 3425 12
3452 3448 12
3452 3465 12
3452 3425 12
3448 3465 12
3448 3425 12
3465 3425 12
3401 3402 12
3466 3179 12
3467 3468 12
3467 3469 12
3467 3470 12
3468 3469 12
3468 3470 12
3469 3470 12
2798 245 12
2798 917 12
2798 50 12
245 917 12
245 50 12
917 50 12
2184 2186 12
2184 2185 12
2186 2185 12
3471 3436 12
3471 3435 12
3436 3435 12
3380 3379 12
3380 3472 12
3379 3472 12
2232 3437 12
3473 3444 12
3426 3474 12
3475 3476 12
3477 3478 12
3479 3480 12
3479 3481 12
3479 3482 12
3479 3483 12
3479 3484 12
3480 3481 12
3480 3482 12
3480 3483 12
3480 3484 12
3481 3482 12
3481 3483 12
3481 3484 12
3482 3483 12
3482 3484 12
3483 3484 12
3385 3386 12
3485 3486 12
3485 3487 12
3486 3487 12
3385 3426 12
3385 3427 12
3426 3427 12
3488 3489 12
3488 3450 12
3488 3490 12
3489 3450 12
3489 3490 12
3450 3490 12
3491 2989 12
3492 3493 12
3494 3495 12
3494 3496 12
3494 3497 12
3495 3496 12
3495 3497 12
3496 3497 12
3498 3499 12
3498 3500 12
3498 3501 12
3498 3502 12
3499 3500 12
3499 3501 12
3499 3502 12
3500 3501 12
3500 3502 12
3501 3502 12
3503 3402 12
3411 3413 12
3504 3505 12
3506 3507 12
3506 3508 12
3506 3509 12
3507 3508 12
3507 3509 12
3508 3509 12
3510 3511 12
3510 3512 12
3511 3512 12
483 485 12
483 484 12
483 279 12
485 484 12
485 279 12
484 279 12
3513 3514 12
3513 3515 12
3514 3515 12
3517 3518 12
190 192 12
190 191 12
190 194 12
192 191 12
192 194 12
191 194 12
3400 3519 12
3400 3520 12
3519 3520 12
3521 2257 12
3522 3523 12
3522 3524 12
3523 3524 12
3525 3526 12
3525 3527 12
3526 3527 12
3528 3529 12
3528 3530 12
3529 3530 12
3531 3532 12
3533 31 12
3534 3535 12
3536 3537 12
3536 3538 12
3537 3538 12
3510 3511 12
3539 3450 12
3539 3451 12
3450 3451 12
1227 1228 12
1227 1226 12
1227 3540 12
1227 3253 12
1228 1226 12
1228 3540 12
1228 3253 12
1226 3540 12
1226 3253 12
3540 3253 12
3541 3542 12
3541 3543 12
3541 3544 12
3541 3545 12
3541 3546 12
3542 3543 12
3542 3544 12
3542 3545 12
3542 3546 12
3543 3544 12
3543 3545 12
3543 3546 12
3544 3545 12
3544 3546 12
3545 3546 12
3547 2079 12
3548 3549 12
3550 3551 12
3550 3552 12
3550 3553 12
3551 3552 12
3551 3553 12
3552 3553 12
3554 3555 12
3556 3557 12
3558 3559 12
3561 3493 12
3562 463 12
3562 3563 12
463 3563 12
1426 3564 12
1426 3565 12
1426 3566 12
3564 3565 12
3564 3566 12
3565 3566 12
3567 3448 12
3567 1261 12
3567 3568 12
3567 3569 12
3448 1261 12
3448 3568 12
3448 3569 12
1261 3568 12
1261 3569 12
3568 3569 12
3570 3404 12
3570 3486 12
3570 3571 12
3404 3486 12
3404 3571 12
3486 3571 12
190 191 12
190 192 12
190 194 12
191 192 12
191 194 12
192 194 12
3573 3574 12
3573 3575 12
3573 3576 12
3573 2001 12
3574 3575 12
3574 3576 12
3574 2001 12
3575 3576 12
3575 2001 12
3576 2001 12
3577 3578 12
3577 3579 12
3577 3580 12
3578 3579 12
3578 3580 12
3579 3580 12
3581 3582 12
3583 3584 12
3583 3585 12
3584 3585 12
3586 3587 12
3586 5 12
3587 5 12
3588 3589 12
3590 373 12
3590 1190 12
373 1190 12
3591 3592 12
3593 3450 12
3594 2258 12
3595 125 12
3596 3577 12
3596 3597 12
3577 3597 12
3536 3537 12
3536 3538 12
3537 3538 12
3598 3444 12
1165 3599 12
1165 1147 12
1165 1150 12
1165 3600 12
1165 3601 12
3599 1147 12
3599 1150 12
3599 3600 12
3599 3601 12
1147 1150 12
1147 3600 12
1147 3601 12
1150 3600 12
1150 3601 12
3600 3601 12
3602 725 12
3603 3197 12
3603 1623 12
3197 1623 12
2314 2312 12
3604 3605 12
3604 3606 12
3605 3606 12
3607 3608 12
3607 3609 12
3608 3609 12
3611 3612 12
3611 3613 12
3612 3613 12
3155 3306 12
3155 3437 12
3155 3614 12
3306 3437 12
3306 3614 12
3437 3614 12
3615 3616 12
3615 3617 12
3615 3618 12
3616 3617 12
3616 3618 12
3617 3618 12
3619 3411 12
3619 3620 12
3411 3620 12
3621 3622 12
3621 3623 12
3622 3623 12
3624 3520 12
3624 3625 12
3624 3626 12
3520 3625 12
3520 3626 12
3625 3626 12
3627 3628 12
3627 3629 12
3628 3629 12
3630 3631 12
3630 3632 12
3631 3632 12
3633 1408 12
3463 3404 12
3634 3635 12
3636 3625 12
3637 3638 12
3637 3450 12
3638 3450 12
3639 3640 12
3641 3642 12
3548 3643 12
3548 3549 12
3643 3549 12
3644 3645 12
3644 3646 12
3644 3647 12
3645 3646 12
3645 3647 12
3646 3647 12
3504 3505 12
3648 3649 12
3648 3650 12
3648 3651 12
3649 3650 12
3649 3651 12
3650 3651 12
1148 1147 12
1148 3652 12
1148 3653 12
1148 3654 12
1148 3655 12
1148 31 12
1147 3652 12
1147 3653 12
1147 3654 12
1147 3655 12
1147 31 12
3652 3653 12
3652 3654 12
3652 3655 12
3652 31 12
3653 3654 12
3653 3655 12
3653 31 12
3654 3655 12
3654 31 12
3655 31 12
3478 3477 12
3656 3657 16
3658 3659 16
172 111 16
3660 3661 16
3660 3662 16
3661 3662 16
3663 3664 16
3663 3665 16
3664 3665 16
3666 1369 16
3666 3667 16
3666 3668 16
1369 3667 16
1369 3668 16
3667 3668 16
1228 1226 16
1228 3252 16
1228 3669 16
1226 3252 16
1226 3669 16
3252 3669 16
1309 1310 16
1309 3670 16
1310 3670 16
3671 3606 16
3671 3672 16
3606 3672 16
99 296 16
1229 3673 16
3674 1288 16
3674 3675 16
1288 3675 16
3676 1386 16
3676 3677 16
3676 3678 16
3676 1387 16
3676 2784 16
1386 3677 16
1386 3678 16
1386 1387 16
1386 2784 16
3677 3678 16
3677 1387 16
3677 2784 16
3678 1387 16
3678 2784 16
1387 2784 16
3679 3680 16
3679 3681 16
3680 3681 16
3682 3683 16
3684 3416 16
74 75 16
74 76 16
75 76 16
3685 1235 16
3685 3366 16
1235 3366 16
3686 3687 16
3686 3688 16
3687 3688 16
3218 3689 16
3218 3690 16
3218 344 16
3218 3691 16
3218 3221 16
3689 3690 16
3689 344 16
3689 3691 16
3689 3221 16
3690 344 16
3690 3691 16
3690 3221 16
344 3691 16
344 3221 16
3691 3221 16
1238 1239 16
3692 3693 16
3286 1288 16
3694 3695 16
3694 3696 16
3695 3696 16
3682 3697 16
3290 3698 16
3290 3291 16
3290 3292 16
3698 3291 16
3698 3292 16
3291 3292 16
3699 3700 16
3699 3701 16
3700 3701 16
1239 3702 16
1239 1238 16
1239 2813 16
1239 3703 16
3702 1238 16
3702 2813 16
3702 3703 16
1238 2813 16
1238 3703 16
2813 3703 16
3704 3705 16
3706 3707 16
3706 3708 16
3707 3708 16
3710 1173 16
1224 157 16
1224 5 16
157 5 16
3711 3363 16
3711 3712 16
3711 3160 16
3711 3713 16
3711 3714 16
3363 3712 16
3363 3160 16
3363 3713 16
3363 3714 16
3712 3160 16
3712 3713 16
3712 3714 16
3160 3713 16
3160 3714 16
3713 3714 16
3715 3716 16
3715 3717 16
3716 3717 16
3718 3719 16
3269 3720 16
3721 1167 16
3722 3723 16
3722 3724 16
3723 3724 16
3725 3726 16
3725 3727 16
3725 3728 16
3726 3727 16
3726 3728 16
3727 3728 16
3729 3730 16
3731 3732 16
1113 1110 16
1113 3733 16
1113 1109 16
1110 3733 16
1110 1109 16
3733 1109 16
3322 3734 16
3322 3662 16
3734 3662 16
3735 2705 16
3736 3737 16
3738 3739 16
3738 3740 16
3739 3740 16
3741 3742 16
3741 3743 16
3742 3743 16
3744 1335 16
3744 3745 16
1335 3745 16
1138 1136 16
1138 2191 16
1138 267 16
1136 2191 16
1136 267 16
2191 267 16
3746 3747 16
3746 3285 16
3746 3748 16
3747 3285 16
3747 3748 16
3285 3748 16
73 3749 16
73 3750 16
3749 3750 16
3751 427 16
3751 3752 16
427 3752 16
1322 1323 16
1322 3753 16
1323 3753 16
411 5 16
411 412 16
411 413 16
5 412 16
5 413 16
412 413 16
1647 3754 16
1322 3753 16
1322 1323 16
3753 1323 16
3757 3243 16
3758 3759 16
3758 3760 16
3758 3761 16
3759 3760 16
3759 3761 16
3760 3761 16
3365 1335 16
3365 3744 16
1335 3744 16
3762 3763 16
2784 3154 16
3765 1239 16
3765 179 16
3765 151 16
1239 179 16
1239 151 16
179 151 16
3766 3767 16
3766 350 16
3766 3768 16
3766 3769 16
3766 3770 16
3767 350 16
3767 3768 16
3767 3769 16
3767 3770 16
350 3768 16
350 3769 16
350 3770 16
3768 3769 16
3768 3770 16
3769 3770 16
3644 3646 16
3644 3645 16
3644 3647 16
3646 3645 16
3646 3647 16
3645 3647 16
3234 3771 16
3234 3772 16
3771 3772 16
3773 1323 16
3774 3775 16
3774 3776 16
3775 3776 16
3290 3291 16
3290 3292 16
3291 3292 16
3777 3778 9
3777 3779 9
3778 3779 9
1879 2383 9
1879 545 9
1879 1878 9
2383 545 9
2383 1878 9
545 1878 9
3780 3781 9
1798 2327 9
1798 2051 9
2327 2051 9
3782 1430 9
3782 3783 9
3782 3357 9
1430 3783 9
1430 3357 9
3783 3357 9
3784 3785 9
3784 3786 9
3785 3786 9
3787 3788 9
3787 3789 9
3787 3790 9
3787 3791 9
3788 3789 9
3788 3790 9
3788 3791 9
3789 3790 9
3789 3791 9
3790 3791 9
3792 3793 9
3792 3794 9
3793 3794 9
3795 3796 9
3795 3797 9
3796 3797 9
3798 3799 9
944 942 9
944 3800 9
944 943 9
944 3801 9
942 3800 9
942 943 9
942 3801 9
3800 943 9
3800 3801 9
943 3801 9
3802 3317 9
3802 3316 9
3317 3316 9
3803 3804 9
3803 3805 9
3804 3805 9
3806 3807 9
3808 3809 9
3808 3810 9
3809 3810 9
3811 1623 9
3811 3812 9
1623 3812 9
3813 3814 9
3813 1586 9
3813 3815 9
3814 1586 9
3814 3815 9
1586 3815 9
3817 3818 9
3817 3819 9
3818 3819 9
3820 1288 9
3821 3822 9
3821 3823 9
3821 3819 9
3821 3824 9
3822 3823 9
3822 3819 9
3822 3824 9
3823 3819 9
3823 3824 9
3819 3824 9
3825 3826 9
3827 3565 9
3827 1426 9
3827 3828 9
3565 1426 9
3565 3828 9
1426 3828 9
3829 30 9
1656 1657 9
1656 1658 9
1657 1658 9
3830 3831 9
3830 3255 9
3831 3255 9
3788 3789 9
3788 3787 9
3788 3790 9
3789 3787 9
3789 3790 9
3787 3790 9
3832 1693 9
3832 3833 9
1693 3833 9
3834 3835 9
3821 3822 9
3821 3819 9
3822 3819 9
3836 3837 9
3838 3839 9
3838 3840 9
3839 3840 9
3841 2019 9
3842 3843 9
3844 3845 9
3844 3846 9
3844 3847 9
3844 3848 9
3844 3849 9
3845 3846 9
3845 3847 9
3845 3848 9
3845 3849 9
3846 3847 9
3846 3848 9
3846 3849 9
3847 3848 9
3847 3849 9
3848 3849 9
3850 3851 9
3852 3853 9
3852 3854 9
3853 3854 9
1713 3855 9
1713 3856 9
1713 3857 9
1713 1796 9
3855 3856 9
3855 3857 9
3855 1796 9
3856 3857 9
3856 1796 9
3857 1796 9
3858 3859 9
3858 3860 9
3858 3861 9
3859 3860 9
3859 3861 9
3860 3861 9
1105 1140 9
777 3863 9
777 3864 9
3863 3864 9
3865 3866 9
3865 3867 9
3865 3868 9
3865 3869 9
3866 3867 9
3866 3868 9
3866 3869 9
3867 3868 9
3867 3869 9
3868 3869 9
3870 3871 9
3870 3872 9
3871 3872 9
3331 2026 9
3331 3873 9
3331 3332 9
2026 3873 9
2026 3332 9
3873 3332 9
3874 3793 9
3311 2271 9
3311 3312 9
3311 111 9
2271 3312 9
2271 111 9
3312 111 9
3875 3876 9
3877 3878 9
3877 3879 9
3878 3879 9
3880 3881 9
3882 3160 9
3884 3830 9
3884 3255 9
3830 3255 9
3885 3886 9
3885 3887 9
3885 3888 9
3886 3887 9
3886 3888 9
3887 3888 9
3889 3890 9
3889 3891 9
3890 3891 9
3891 3889 9
3891 3890 9
3889 3890 9
3893 3357 9
3813 3894 9
3813 3895 9
3813 3255 9
3813 1586 9
3894 3895 9
3894 3255 9
3894 1586 9
3895 3255 9
3895 1586 9
3255 1586 9
3896 3897 9
3896 1639 9
3897 1639 9
3898 1771 9
3898 3899 9
1771 3899 9
3900 3901 9
3902 3903 9
3904 1845 9
3241 3905 9
3241 3866 9
3241 3906 9
3905 3866 9
3905 3906 9
3866 3906 9
1401 1403 9
1401 39 9
1403 39 9
3907 3908 9
3909 3910 9
3909 3911 9
3909 3912 9
3910 3911 9
3910 3912 9
3911 3912 9
3913 3914 9
3913 3915 9
3913 3916 9
3914 3915 9
3914 3916 9
3915 3916 9
3917 3918 9
3917 3919 9
3917 3920 9
3918 3919 9
3918 3920 9
3919 3920 9
3922 3923 9
3639 3640 9
3639 3924 9
3640 3924 9
3925 3359 9
3926 3927 9
3928 2282 9
1977 1978 9
1977 1979 9
1977 1306 9
1978 1979 9
1978 1306 9
1979 1306 9
3929 3930 9
3929 3931 9
3929 3932 9
3930 3931 9
3930 3932 9
3931 3932 9
3297 3323 9
3297 3298 9
3323 3298 9
1622 3933 9
1622 1623 9
3933 1623 9
3935 3936 9
3937 671 9
3938 3939 9
1233 1423 9
1233 3940 9
1233 1426 9
1423 3940 9
1423 1426 9
3940 1426 9
3941 1584 9
1849 3942 9
3944 3945 9
3946 3929 9
3947 3866 9
3947 3948 9
3866 3948 9
3949 926 9
3949 3950 9
926 3950 9
3924 3951 9
3924 3952 9
3951 3952 9
3953 3954 9
3953 3955 9
3953 3939 9
3954 3955 9
3954 3939 9
3955 3939 9
3956 3957 9
3956 3958 9
3957 3958 9
3959 1845 9
3296 3297 9
3296 3298 9
3296 99 9
3297 3298 9
3297 99 9
3298 99 9
3961 3962 9
3961 3704 9
3962 3704 9
3963 3964 9
3966 3967 9
3966 3968 9
3966 3969 9
3966 3970 9
3967 3968 9
3967 3969 9
3967 3970 9
3968 3969 9
3968 3970 9
3969 3970 9
3144 3971 9
3234 3771 9
2349 1796 9
2349 3972 9
2349 2253 9
1796 3972 9
1796 2253 9
3972 2253 9
3973 3974 9
3973 3975 9
3974 3975 9
1491 3976 9
3978 516 9
3979 3980 9
3981 3982 9
3981 3983 9
3981 3984 9
3981 3985 9
3981 3986 9
3982 3983 9
3982 3984 9
3982 3985 9
3982 3986 9
3983 3984 9
3983 3985 9
3983 3986 9
3984 3985 9
3984 3986 9
3985 3986 9
3944 3987 9
3944 3945 9
3944 3262 9
3987 3945 9
3987 3262 9
3945 3262 9
3988 3989 9
3988 1771 9
3989 1771 9
1700 1699 9
3990 2221 9
3991 2279 9
3992 3993 9
3992 3994 9
3993 3994 9
3997 3998 9
3997 3999 9
3998 3999 9
2246 2247 9
4000 4001 9
4000 3942 9
4001 3942 9
4002 4003 9
4004 4005 9
4004 3301 9
4005 3301 9
4007 3860 9
4007 3987 9
3860 3987 9
2281 2282 9
4008 3851 9
4009 4010 9
4009 4011 9
4010 4011 9
2933 4012 9
2933 4013 9
4012 4013 9
4014 2312 9
4014 4015 9
2312 4015 9
2318 1317 9
3884 4016 9
1281 3701 9
4017 2282 9
4018 4019 9
4018 4020 9
4019 4020 9
4021 3357 9
4022 4023 9
4022 1712 9
4023 1712 9
4025 3087 21
4026 2507 21
4027 4028 21
3889 4029 21
3889 4030 21
4029 4030 21
3956 3957 21
4000 4031 21
3087 3088 21
4033 4034 21
4033 4035 21
4034 4035 21
4036 3149 21
4036 4037 21
3149 4037 21
4038 3939 21
4039 1887 21
4039 3887 21
1887 3887 21
3886 3887 21
3690 3691 21
4041 4042 21
4041 4043 21
4041 4044 21
4042 4043 21
4042 4044 21
4043 4044 21
3852 4045 21
4046 4047 21
4046 4048 21
4047 4048 21
4051 3223 21
4052 4053 21
4052 4054 21
4053 4054 21
3897 4056 21
4057 4058 21
4057 4059 21
4058 4059 21
1887 4060 21
4061 4027 21
4061 4028 21
4027 4028 21
4062 3860 21
3897 4063 21
4065 4060 21
4065 4066 21
4060 4066 21
4068 4060 21
4068 2510 21
4060 2510 21
3307 3308 21
3307 3309 21
3308 3309 21
4043 4071 21
3954 4012 21
3954 3955 21
3954 3953 21
4012 3955 21
4012 3953 21
3955 3953 21
4072 4073 21
4074 3255 21
4074 3852 21
3255 3852 21
4075 4076 21
4031 4077 21
4031 4078 21
4077 4078 21
4079 4080 21
4081 3702 17
4081 179 17
3702 179 17
4082 4083 17
4084 4085 17
4086 4087 17
4088 4089 17
4088 2705 17
4089 2705 17
3671 3606 17
3671 3672 17
3606 3672 17
4090 4091 17
4092 1369 17
4092 4093 17
4092 4094 17
1369 4093 17
1369 4094 17
4093 4094 17
4095 1232 17
4096 4097 17
4096 4098 17
4096 4099 17
4096 4100 17
4097 4098 17
4097 4099 17
4097 4100 17
4098 4099 17
4098 4100 17
4099 4100 17
4101 4102 17
4103 4104 17
4103 239 17
4103 4105 17
4103 1639 17
4104 239 17
4104 4105 17
4104 1639 17
239 4105 17
239 1639 17
4105 1639 17
4106 4107 17
4106 3681 17
4107 3681 17
4108 4109 17
1412 1411 17
1412 1408 17
1411 1408 17
3252 1228 17
4111 4112 17
4111 4113 17
4111 4114 17
4111 4115 17
4112 4113 17
4112 4114 17
4112 4115 17
4113 4114 17
4113 4115 17
4114 4115 17
4116 4117 17
4118 4119 17
1187 1188 17
1187 1189 17
1188 1189 17
3259 339 17
3259 41 17
339 41 17
4120 1156 17
4121 4122 17
4121 4123 17
4121 4124 17
4121 4125 17
4122 4123 17
4122 4124 17
4122 4125 17
4123 4124 17
4123 4125 17
4124 4125 17
4127 4128 17
4127 4129 17
4128 4129 17
4130 4131 17
4130 4132 17
4130 4133 17
4131 4132 17
4131 4133 17
4132 4133 17
4134 4135 17
99 102 17
99 296 17
102 296 17
4136 4137 17
4136 4138 17
4136 4139 17
4137 4138 17
4137 4139 17
4138 4139 17
4141 4142 17
4141 2705 17
4142 2705 17
4143 3195 17
4143 4144 17
4143 4145 17
3195 4144 17
3195 4145 17
4144 4145 17
4146 4147 17
4146 4148 17
4147 4148 17
4149 1170 17
4149 4150 17
4149 4151 17
1170 4150 17
1170 4151 17
4150 4151 17
4152 4153 17
4152 4154 17
4152 4155 17
4152 4156 17
4153 4154 17
4153 4155 17
4153 4156 17
4154 4155 17
4154 4156 17
4155 4156 17
4157 4158 17
4159 4160 17
4161 4162 17
4161 4163 17
4162 4163 17
4164 4165 17
4164 4166 17
4165 4166 17
2624 295 17
2624 100 17
295 100 17
974 1168 17
974 925 17
1168 925 17
4167 4168 17
4167 4169 17
4168 4169 17
4170 3184 17
926 4171 17
926 3206 17
4171 3206 17
4172 4173 17
4174 4175 17
4176 4177 17
4176 4178 17
4177 4178 17
3605 4179 17
3605 4180 17
4179 4180 17
4181 4182 17
4183 29 17
4183 31 17
29 31 17
4184 4185 17
4184 4186 17
4185 4186 17
4187 4188 17
4081 343 17
4081 5 17
4081 344 17
343 5 17
343 344 17
5 344 17
4189 4190 17
4189 4191 17
4190 4191 17
4192 4193 17
4192 3645 17
4193 3645 17
1157 112 17
1157 4194 17
1157 3184 17
112 4194 17
112 3184 17
4194 3184 17
4195 4196 17
4199 4200 17
4202 4107 17
4202 4106 17
4202 3681 17
4107 4106 17
4107 3681 17
4106 3681 17
3259 339 17
3259 4143 17
339 4143 17
4204 4205 17
4204 3195 17
4205 3195 17
4206 3335 17
4207 4208 17
4207 4209 17
4207 216 17
4207 4210 17
4207 4211 17
4208 4209 17
4208 216 17
4208 4210 17
4208 4211 17
4209 216 17
4209 4210 17
4209 4211 17
216 4210 17
216 4211 17
4210 4211 17
4212 4213 17
4212 4214 17
4212 4215 17
4213 4214 17
4213 4215 17
4214 4215 17
4216 4217 17
4216 4211 17
4216 4208 17
4217 4211 17
4217 4208 17
4211 4208 17
4218 1449 17
4218 4219 17
4218 4220 17
1449 4219 17
1449 4220 17
4219 4220 17
1148 1147 17
1148 3655 17
1148 31 17
1147 3655 17
1147 31 17
3655 31 17
4221 4222 17
4221 4223 17
4222 4223 17
2643 99 17
2643 152 17
99 152 17
4224 4138 17
4225 3262 17
4226 4227 17
4226 4228 17
4226 4229 17
4227 4228 17
4227 4229 17
4228 4229 17
4230 339 17
4230 1136 17
339 1136 17
4231 4177 17
4231 4232 17
4177 4232 17
4233 4234 17
4233 4235 17
4233 4236 17
4233 4237 17
4234 4235 17
4234 4236 17
4234 4237 17
4235 4236 17
4235 4237 17
4236 4237 17
4238 4239 17
1418 1417 17
1418 1415 17
1418 4240 17
1417 1415 17
1417 4240 17
1415 4240 17
4125 4241 17
4125 4242 17
4125 4243 17
4125 4244 17
4125 4121 17
4241 4242 17
4241 4243 17
4241 4244 17
4241 4121 17
4242 4243 17
4242 4244 17
4242 4121 17
4243 4244 17
4243 4121 17
4244 4121 17
4245 4246 17
4245 4247 17
4246 4247 17
4248 4249 17
4248 4229 17
4249 4229 17
4250 4251 17
4252 4253 17
4252 4254 17
4253 4254 17
47 46 17
47 48 17
46 48 17
2624 99 17
2624 102 17
2624 296 17
99 102 17
99 296 17
102 296 17
4218 4220 17
396 395 17
4255 4256 17
4255 4257 17
4255 4258 17
4255 4259 17
4255 4260 17
4256 4257 17
4256 4258 17
4256 4259 17
4256 4260 17
4257 4258 17
4257 4259 17
4257 4260 17
4258 4259 17
4258 4260 17
4259 4260 17
4261 4262 17
4261 2705 17
4262 2705 17
4263 4264 17
4263 4265 17
4264 4265 17
4266 4267 17
4268 1147 17
4268 4269 17
4268 31 17
1147 4269 17
1147 31 17
4269 31 17
3753 1323 17
3753 1322 17
3753 3773 17
1323 1322 17
1323 3773 17
1322 3773 17
4270 1141 17
4271 4272 17
4274 1868 10
4275 4276 10
1563 4277 10
4278 3980 10
4278 4279 10
3980 4279 10
4280 4281 10
3808 3809 10
3808 3810 10
3809 3810 10
3062 3173 10
3062 4283 10
3062 4284 10
3062 4285 10
3173 4283 10
3173 4284 10
3173 4285 10
4283 4284 10
4283 4285 10
4284 4285 10
4286 4287 10
4286 4288 10
4287 4288 10
4289 3866 10
1703 1704 10
4290 1704 10
4291 3980 10
4292 4293 10
4292 3812 10
4292 4294 10
4293 3812 10
4293 4294 10
3812 4294 10
4295 4296 10
4293 4294 10
2350 1849 10
4297 4298 10
4297 3812 10
4298 3812 10
4299 2253 10
4302 4303 10
3902 3980 10
4304 4305 10
4304 4306 10
4305 4306 10
3852 4045 10
4307 4308 10
4307 4309 10
4308 4309 10
4310 4311 10
4310 4312 10
4310 4313 10
4311 4312 10
4311 4313 10
4312 4313 10
3255 4314 10
3255 3254 10
4314 3254 10
3923 4315 10
3923 4316 10
4315 4316 10
4318 2141 10
4318 2237 10
2141 2237 10
4319 1661 10
2050 4321 10
2050 2282 10
4321 2282 10
4322 1618 10
4322 1619 10
1618 1619 10
1586 4324 10
1586 4325 10
1586 1712 10
4324 4325 10
4324 1712 10
4325 1712 10
4326 4327 10
4326 4328 10
4327 4328 10
4329 4330 10
4331 4332 10
4331 3233 10
4331 3704 10
4332 3233 10
4332 3704 10
3233 3704 10
4333 4334 10
4333 4335 10
4334 4335 10
3813 3894 10
3813 1586 10
3894 1586 10
4337 4338 10
4337 4339 10
4338 4339 10
4340 1476 10
4340 1478 10
4340 1477 10
1476 1478 10
1476 1477 10
1478 1477 10
4341 4342 10
2076 1661 10
4343 4344 10
4346 4347 10
4348 1478 10
4348 3980 10
1478 3980 10
4349 4350 10
4349 4351 10
4350 4351 10
4352 3298 10
4352 3297 10
4352 99 10
3298 3297 10
3298 99 10
3297 99 10
4355 4356 10
4355 1639 10
4355 1637 10
4356 1639 10
4356 1637 10
1639 1637 10
4357 4358 10
2362 2360 10
2175 2176 10
4359 4360 10
4359 4339 10
4360 4339 10
2212 1610 10
998 4296 10
998 4361 10
4296 4361 10
4362 4363 10
4362 4303 10
4362 4364 10
4363 4303 10
4363 4364 10
4303 4364 10
3704 4365 10
1660 1659 10
4367 3386 13
4368 4369 13
4370 4371 13
4370 4372 13
4370 4373 13
4371 4372 13
4371 4373 13
4372 4373 13
3381 3382 13
3381 3383 13
3382 3383 13
4374 4375 13
4374 4376 13
4374 2702 13
4375 4376 13
4375 2702 13
4376 2702 13
4377 3386 13
4378 4379 13
4378 4380 13
4378 4381 13
4378 31 13
4379 4380 13
4379 4381 13
4379 31 13
4380 4381 13
4380 31 13
4381 31 13
4382 4383 13
4384 4385 13
4384 4386 13
4385 4386 13
4387 4388 13
4389 3968 13
4389 3967 13
3968 3967 13
4390 3474 13
4390 4391 13
3474 4391 13
4392 4393 13
4392 4394 13
4392 4395 13
4392 4396 13
4393 4394 13
4393 4395 13
4393 4396 13
4394 4395 13
4394 4396 13
4395 4396 13
4397 3514 13
4397 3515 13
3514 3515 13
1227 1226 13
1227 1228 13
1226 1228 13
4398 4399 13
4400 4401 13
4400 4402 13
4401 4402 13
3404 4403 13
3404 3571 13
3404 4404 13
4403 3571 13
4403 4404 13
3571 4404 13
4405 4406 13
4405 4407 13
4405 4372 13
4406 4407 13
4406 4372 13
4407 4372 13
4408 4409 13
4408 4410 13
4408 3386 13
4409 4410 13
4409 3386 13
4410 3386 13
4411 4412 13
4411 3515 13
4412 3515 13
4385 4413 13
4414 4415 13
4416 4417 13
4416 4418 13
4417 4418 13
3475 3476 13
4419 4415 13
4421 4413 13
4422 4423 13
4422 4424 13
4423 4424 13
4425 4426 13
3532 3531 13
4428 4429 13
3513 3514 13
3513 3515 13
3514 3515 13
4430 4431 13
4430 4432 13
4430 29 13
4430 31 13
4431 4432 13
4431 29 13
4431 31 13
4432 29 13
4432 31 13
29 31 13
3536 3537 13
4433 4434 13
4435 4436 13
4437 4438 13
4439 463 13
4440 2197 13
4440 4441 13
2197 4441 13
4442 4443 13
4444 4445 13
4446 4447 13
3562 463 13
3562 3563 13
463 3563 13
4448 4441 13
4448 3509 13
4441 3509 13
4449 4450 13
4449 3514 13
4450 3514 13
4451 4452 13
4451 2702 13
4452 2702 13
4406 4372 13
4453 4454 13
4453 4455 13
4454 4455 13
4456 4457 13
4458 3386 13
4459 4460 13
4459 4461 13
4459 4462 13
4460 4461 13
4460 4462 13
4461 4462 13
4463 4464 13
4463 4465 13
4464 4465 13
53 4466 13
53 3556 13
53 4467 13
4466 3556 13
4466 4467 13
3556 4467 13
4468 4469 13
4470 4471 13
4472 4443 13
4473 4474 13
4473 4451 13
4473 2702 13
4474 4451 13
4474 2702 13
4451 2702 13
912 913 13
4475 4476 13
4478 4479 13
4478 4480 13
4478 4481 13
4479 4480 13
4479 4481 13
4480 4481 13
3385 4482 13
4483 4484 13
4483 4485 13
4483 4486 13
4484 4485 13
4484 4486 13
4485 4486 13
4487 4488 13
4487 4489 13
4487 4490 13
4488 4489 13
4488 4490 13
4489 4490 13
2702 4376 13
2702 4491 13
2702 4492 13
2702 4493 13
4376 4491 13
4376 4492 13
4376 4493 13
4491 4492 13
4491 4493 13
4492 4493 13
4494 3398 13
3648 3649 13
3648 3650 13
3648 3651 13
3649 3650 13
3649 3651 13
3650 3651 13
